1.760000519369914196e+00
1.933952187584026428e+00
1.948304120024850095e+00
1.905790950681497176e+00
1.951787281604261404e+00
1.958483081873398257e+00
1.935146961925793718e+00
1.943047357189916280e+00
1.950840309899258163e+00
1.954979205626911520e+00
1.998908068969214913e+00
1.959921032887626868e+00
1.982606914701571910e+00
1.998940734594009117e+00
1.998864762149985763e+00
1.999140007557425491e+00
1.999129799223239745e+00
1.998909688068830182e+00
1.992030969335237600e+00
1.989230769991991998e+00
1.998773194465268244e+00
1.998845646832309031e+00
1.999607655094656211e+00
1.998799019954260459e+00
1.998756368357376356e+00
1.988307957415229366e+00
1.998799019954260459e+00
1.989272775299051554e+00
1.999221882739344425e+00
1.983169836378106954e+00
1.994576129004881571e+00
1.999612275291102081e+00
1.990566762256608779e+00
1.999506610695799713e+00
1.998747601145022701e+00
1.974050900476843839e+00
1.998648727268059533e+00
1.989110621407762736e+00
1.981444685349821322e+00
1.997104871806530957e+00
1.991921655150351800e+00
1.986851703173676098e+00
1.998956450144197872e+00
1.998648727268059533e+00
1.995184850452627057e+00
1.999598155730311966e+00
1.987570194586680605e+00
1.998866224922676071e+00
1.977378990939452574e+00
1.999219166706507345e+00
1.983004057581773116e+00
1.970568062042540980e+00
1.998975436750399348e+00
1.961970032469656733e+00
1.998845646832309031e+00
1.998876300703804176e+00
1.999612275291102081e+00
1.998768110488063465e+00
1.998927973108946654e+00
1.993107203785679182e+00
1.995914783898528722e+00
1.998983305336111460e+00
1.981042889841251764e+00
1.999070702139619238e+00
1.998975436750399348e+00
1.989065265927966397e+00
1.999142181838760246e+00
1.990801071126393929e+00
1.994982543090536797e+00
1.985741030469119872e+00
1.998975436750399348e+00
1.994214480159183234e+00
1.991314651772023270e+00
1.975000074340038214e+00
1.998930221141753671e+00
1.985098900013368306e+00
1.967918502988404983e+00
1.998648727268059533e+00
1.974912484590817696e+00
1.998845646832309031e+00
1.974536098246280513e+00
1.998649515186723624e+00
1.998975436750399348e+00
1.998876300703804176e+00
1.964366320509610464e+00
1.999681992477297721e+00
1.989724902400793694e+00
1.981607183260637450e+00
1.971845466147473136e+00
1.965964054876428557e+00
1.998983400593843385e+00
1.969253828834093500e+00
1.999630352805184197e+00
1.997986628356482663e+00
1.963023623783070493e+00
1.999408284795962665e+00
1.990282525825768811e+00
1.986936738617551823e+00
1.999128347019997864e+00
1.992177450858934273e+00
1.997424194684022103e+00
1.993640907398602113e+00
1.993931245617107884e+00
1.996607852150338758e+00
1.995754564804180120e+00
1.993706078869928566e+00
1.993691742864081462e+00
1.993662372336000965e+00
1.993619262113293766e+00
1.994360658379382478e+00
1.993733995808427917e+00
1.995599692114573331e+00
1.997423853417614970e+00
1.993979870282138300e+00
1.993870043762324684e+00
1.993907677340355233e+00
1.997079518326808190e+00
1.996981932082806832e+00
1.993678091288045184e+00
1.997134975647200550e+00
1.994610532330426400e+00
1.994673563921688153e+00
1.995886550372099943e+00
1.994664300115328359e+00
1.995691787914866344e+00
1.994496783673668672e+00
1.993643983326168545e+00
1.996082460309608342e+00
1.994334002034254372e+00
1.995573293177581142e+00
1.998286436146883061e+00
1.997387354206748178e+00
1.996757182335762604e+00
1.994348922515387867e+00
1.995857094980213464e+00
1.995753741480492005e+00
1.996950917542562154e+00
1.995812764284182972e+00
1.993775688622889231e+00
1.993774882460274567e+00
1.995014717692045414e+00
1.998122277831481108e+00
1.995508809123421656e+00
1.996542056611432026e+00
1.997107978899372638e+00
1.994619022287500654e+00
1.993776679303577604e+00
1.993781388998608461e+00
1.994432973206838211e+00
1.995503272571433229e+00
1.995860551649422332e+00
1.997099882563753148e+00
1.995662331222663344e+00
1.994335377319465863e+00
1.994366256481366007e+00
1.997215190425042142e+00
1.995233041845037025e+00
1.993668258462551579e+00
1.994612444065849477e+00
1.997896493679524932e+00
1.998069196946182124e+00
1.993760023693705197e+00
1.993704661511100484e+00
1.994556266639439190e+00
1.998338846473356467e+00
1.997444333393293858e+00
1.995941902412800895e+00
1.995143733350495552e+00
1.998080422457903182e+00
1.995239163326437026e+00
1.998159422759458348e+00
1.993668784857163256e+00
1.998695212249396169e+00
1.996295289067372192e+00
1.994604146673733647e+00
1.996835549978289048e+00
1.996146928196405934e+00
1.994744683725294010e+00
1.993928665895224217e+00
1.993762755225134242e+00
1.995782165180587819e+00
1.993885529636768128e+00
1.994777336697881598e+00
1.993870043762324684e+00
1.995409029361253639e+00
1.997880148008219781e+00
1.996626723300423345e+00
1.996802689590869262e+00
1.994821991427346175e+00
1.993746509613139262e+00
1.998201427505748029e+00
1.993635075638634069e+00
1.998454616373459114e+00
1.995356820573959356e+00
1.993931245617107884e+00
1.993765737710799568e+00
1.993643983326168545e+00
1.998411282162256830e+00
1.993811744359726301e+00
1.993676911362876059e+00
1.993870043762324684e+00
1.993655494633137737e+00
1.997104634668275036e+00
1.994366256481366007e+00
1.998649515186723624e+00
1.997433044549812964e+00
1.995721560670483452e+00
1.994646108955424602e+00
1.998689141825625404e+00
1.993822084405010298e+00
1.993906382325276283e+00
1.994663662995009190e+00
1.995589748248853157e+00
1.995526349922691844e+00
1.993517182064552085e+00
1.995889585212148987e+00
1.997185948694233382e+00
1.997157215097022487e+00
1.993656762711956576e+00
1.993692835555855192e+00
1.993942172433146087e+00
1.994937960342576089e+00
1.994658075629200722e+00
1.997555472544801036e+00
1.998140241068058653e+00
1.993755760305298219e+00
1.997163257109173973e+00
1.994890044745848634e+00
1.994339671879380882e+00
1.995671339999679494e+00
1.994900152022648143e+00
1.993562834691311680e+00
1.993808114880980975e+00
1.995823774680031804e+00
1.998647065552050739e+00
1.993749545130542700e+00
1.993671369293403828e+00
1.996699860210303878e+00
1.994781420869864652e+00
1.993749545130542700e+00
1.994334002034254372e+00
1.993708927579274759e+00
1.994785861881188227e+00
1.997163257109173973e+00
1.996757182335762604e+00
1.994929464578630185e+00
1.996552397501177634e+00
1.998080422457903182e+00
1.998069761174845693e+00
1.995580243596900338e+00
1.993885529636768128e+00
1.994252703192417320e+00
1.995729955974300029e+00
1.994872147917394978e+00
1.994616834000741967e+00
1.997444333393293858e+00
1.994848107302320095e+00
1.995940336223790412e+00
1.994312402707293597e+00
1.995210286476619022e+00
1.995303533015620578e+00
1.998647065552050739e+00
1.993822084405010298e+00
1.993687004673551755e+00
1.993761496901456542e+00
1.995454244854181214e+00
1.996814791930499933e+00
1.993640907398602113e+00
1.993749545130542700e+00
1.993662372336000965e+00
1.994630324329707660e+00
1.997453778008298597e+00
1.997077900066894562e+00
1.993755760305298219e+00
1.994607815937980533e+00
1.995675619518022526e+00
1.995210286476619022e+00
1.993732582938385400e+00
1.993661793154815731e+00
1.993920197358377777e+00
1.994327314760717229e+00
1.998695212249396169e+00
1.995453142334980612e+00
1.997257554932156953e+00
1.996945112782845255e+00
1.993488047223238357e+00
1.996626723300423345e+00
1.993600429248159500e+00
1.993755760305298219e+00
1.998006532070528918e+00
1.993495084709458354e+00
1.997406038350358015e+00
1.993774882460274567e+00
1.993708507259024154e+00
1.996252877077036247e+00
1.995886550372099943e+00
1.996162787332477428e+00
1.994602255905940646e+00
1.993681036649838534e+00
1.993852027461651133e+00
1.993761523293035021e+00
1.994321072749355661e+00
1.996242231458295491e+00
1.996017985327476207e+00
1.993740534272093745e+00
1.993699298939256348e+00
1.993495084709458354e+00
1.996245369426614458e+00
1.995825059194609619e+00
1.993727437653796120e+00
1.996835549978289048e+00
1.993868393649980364e+00
1.995356820573959356e+00
1.994382153634072452e+00
1.995587165740801971e+00
1.998028258604405361e+00
1.993979870282138300e+00
1.998082502618521383e+00
1.995949843645185684e+00
1.993638692090523579e+00
1.995539375519439274e+00
1.994660728965135688e+00
1.995783758476279646e+00
1.995941902412800895e+00
1.993885529636768128e+00
1.998653787072243615e+00
1.997559901968940510e+00
1.993897296524665741e+00
1.993732768411507816e+00
1.995771220822964542e+00
1.995580243596900338e+00
1.995762544435229158e+00
1.994304562989653196e+00
1.995556920149220259e+00
1.997165481295510858e+00
1.993913278164750835e+00
1.995664537530514426e+00
1.994663662995009190e+00
1.993726420767652607e+00
1.998062958139918299e+00
1.995621759980335863e+00
1.997269779566314796e+00
1.998633767387598237e+00
1.994656461505092571e+00
1.998069196946182124e+00
1.996146928196405934e+00
1.997880148008219781e+00
1.994629418738044002e+00
1.997833445839445554e+00
1.998257311225517530e+00
1.993504866493869709e+00
1.995887239632140098e+00
1.996849899946330220e+00
1.998689141825625404e+00
1.997475052869855494e+00
1.995570735070250068e+00
1.996900660708111230e+00
1.998689141825625404e+00
1.995446393291168130e+00
1.995765552826011202e+00
1.998222401442611318e+00
1.993729567053326823e+00
1.995930241305867936e+00
1.993531521404876772e+00
1.998395233612255240e+00
1.998395233612255240e+00
1.998454616373459114e+00
1.994647621070058996e+00
1.995385763074530860e+00
1.993753208047060799e+00
1.994240782784275634e+00
1.997325059376315215e+00
1.997466989133943160e+00
1.998163926894760856e+00
1.998544601464880444e+00
1.993793469101950100e+00
1.998689141825625404e+00
1.993651954880821586e+00
1.997053042985558191e+00
1.997088451305631285e+00
1.998080422457903182e+00
1.993746509613139262e+00
1.993691734993803033e+00
1.996023770663537533e+00
1.996141919166992240e+00
1.997411803619034920e+00
1.995765552826011202e+00
1.993821547462731658e+00
1.994806052373521377e+00
1.994594649285762245e+00
1.994890044745848634e+00
1.993960909650055013e+00
1.994607815937980533e+00
1.997946887127634463e+00
1.994758283061155435e+00
1.997826456699151931e+00
1.997032425223563390e+00
1.996539637643009568e+00
1.993759125470161875e+00
1.997303469096848083e+00
1.996957547282206757e+00
1.998159422759458348e+00
1.996882337106367311e+00
1.998695212249396169e+00
1.994840121303032010e+00
1.995729955974300029e+00
1.998647065552050739e+00
1.993482874167054941e+00
1.998395233612255240e+00
1.994027750548823086e+00
1.996909302912607931e+00
1.995719842258877330e+00
1.994529625546785034e+00
1.995485937645477659e+00
1.994806052373521377e+00
1.995427336652247252e+00
1.995897362206439540e+00
1.997882334419729622e+00
1.993764082576591212e+00
1.993558049159442680e+00
1.997559901968940510e+00
1.998159422759458348e+00
1.997607283241003895e+00
1.998087615279596996e+00
1.994649763308728563e+00
1.993819961445255862e+00
1.993727437653796120e+00
1.994328022902106978e+00
1.993664064443980255e+00
1.998028258604405361e+00
1.994271338244263836e+00
1.993790969529234847e+00
1.993907677340355233e+00
1.998544601464880444e+00
1.995782348292295172e+00
1.996072230402938130e+00
1.998087615279596996e+00
1.993764195539954542e+00
1.996987107268241246e+00
1.998159422759458348e+00
1.993643983326168545e+00
1.996849899946330220e+00
1.995888693176088191e+00
1.993748100633734754e+00
1.994741608563658231e+00
1.994700112864200348e+00
1.993677980287643647e+00
1.996102619757407215e+00
1.993504866493869709e+00
1.993965798883728713e+00
1.997155514978844915e+00
1.993812819051615559e+00
1.993753208047060799e+00
1.993833175900023180e+00
1.998395233612255240e+00
1.998064361026423041e+00
1.994572221072382634e+00
1.993797204390918010e+00
1.993697654765701932e+00
1.998051679845918693e+00
1.995664537530514426e+00
1.998082502618521383e+00
1.998695212249396169e+00
1.995889585212148987e+00
1.993729567053326823e+00
1.996141919166992240e+00
1.993707609218709598e+00
1.998123776529228124e+00
1.998028258604405361e+00
1.993974030873077563e+00
1.995833322107063657e+00
1.994455415142405874e+00
1.996800673313502195e+00
1.993833175900023180e+00
1.995302665753106330e+00
1.997433044549812964e+00
1.998395233612255240e+00
1.996379772064040159e+00
1.996550651941784604e+00
1.994815289669955360e+00
1.993840032525225014e+00
1.993811212945692413e+00
1.997257554932156953e+00
1.997079513398298367e+00
1.993780194629999780e+00
1.995753741480492005e+00
1.993812819051615559e+00
1.995691505111858000e+00
1.995786405759668813e+00
1.998069196946182124e+00
1.995509908007827349e+00
1.993726420767652607e+00
1.995951835193449764e+00
1.997040560772827877e+00
1.994641962855612016e+00
1.993808114880980975e+00
1.998649515186723624e+00
1.995465476337384692e+00
1.997135481251699929e+00
1.994652595512610871e+00
1.995776728077145012e+00
1.997171594778426984e+00
1.995897362206439540e+00
1.993931245617107884e+00
1.995536759584644715e+00
1.995901751297622040e+00
1.993928665895224217e+00
1.995413762438843497e+00
1.993926917228214135e+00
1.993539613308690006e+00
1.995960121577398327e+00
1.997201786093514508e+00
1.997887594046665605e+00
1.994658109560664583e+00
1.998298057081482559e+00
1.997887594046665605e+00
1.997604970145635983e+00
1.998051679845918693e+00
1.993698513236569214e+00
1.993842485175947532e+00
1.997135481251699929e+00
1.994626152614987102e+00
1.997186485795653610e+00
1.993570293239308899e+00
1.993855894105552640e+00
1.993758287244136396e+00
1.997198384935105375e+00
1.993836481044978015e+00
1.995476932234336864e+00
1.998112097915035967e+00
1.995418725509058300e+00
1.993974030873077563e+00
1.996835549978289048e+00
1.993720153232542813e+00
1.993558049159442680e+00
1.995823774680031804e+00
1.998062958139918299e+00
1.993640907398602113e+00
1.995626160125230975e+00
1.994658109560664583e+00
1.996682703620668464e+00
1.993495084709458354e+00
1.993776679303577604e+00
1.996381608707170185e+00
1.998203456566859160e+00
1.995906448094560970e+00
1.997396634903562784e+00
1.995629424284716125e+00
1.998454616373459114e+00
1.993495041486254449e+00
1.995267560593825040e+00
1.994866846888166068e+00
1.993826896541330829e+00
1.998006532070528918e+00
1.998028258604405361e+00
1.993562834691311680e+00
1.997573382748903947e+00
1.995466344162015071e+00
1.997608129064557758e+00
1.997559901968940510e+00
1.993718504337311570e+00
1.997540607956192149e+00
1.996276082096127169e+00
1.997540607956192149e+00
1.997169444838623686e+00
1.995782348292295172e+00
1.996468550887259719e+00
1.995495594499944403e+00
1.995412638943123484e+00
1.993758287244136396e+00
1.997512519471699166e+00
1.996039248565325996e+00
1.998028258604405361e+00
1.998062958139918299e+00
1.995860551649422332e+00
1.995593747645023841e+00
1.994283404101605095e+00
1.996619211418013462e+00
1.995571383911720842e+00
1.995250932830615165e+00
1.993697422154786292e+00
1.997261059693948182e+00
1.995643023824008822e+00
1.996058388140382833e+00
1.996704762097282648e+00
1.995902183158252630e+00
1.995754564804180120e+00
1.993994194145585652e+00
1.993852819024153344e+00
1.995186891051951017e+00
1.994267307300477299e+00
1.994103293972908419e+00
1.995941902412800895e+00
1.995941902412800895e+00
