1.760000519369914196e+00
1.934335557122815574e+00
1.954565102284753886e+00
1.910914291187737923e+00
1.960878397391387917e+00
1.967590634314062337e+00
1.941123193097997301e+00
1.950751252191898377e+00
1.967242407542755922e+00
1.957762983956295111e+00
1.999635615908576192e+00
1.965613357525635374e+00
1.988324462591964492e+00
1.999873330380822489e+00
1.999645624255184773e+00
1.999996243839447185e+00
1.999941020052235618e+00
1.999795030254594153e+00
1.999931113689519258e+00
1.996601611151128441e+00
1.999730777549781680e+00
1.999696549422097736e+00
1.999972295095084673e+00
1.999692075245811607e+00
1.999759065647812140e+00
1.995337646414452326e+00
1.999759065647812140e+00
1.996200986459705451e+00
1.999905741261687853e+00
1.990156884814485716e+00
2.000111228022615428e+00
1.999883089411661707e+00
1.997868744347442993e+00
1.999979230294544497e+00
1.999700329664291898e+00
1.982372660122182273e+00
1.999672435325638320e+00
1.995792650932526779e+00
1.985646067606276155e+00
2.000035358437852295e+00
1.999811077735190512e+00
1.993956163073901777e+00
1.999837204480712005e+00
1.999672435325638320e+00
2.000035358437852295e+00
1.999992135605120680e+00
1.994310490495885713e+00
2.000011205775793055e+00
1.986199108044570449e+00
1.999905873068582585e+00
1.990209444899361912e+00
1.980668600987489203e+00
1.999696437643927238e+00
1.969155332546642656e+00
1.999755380775071423e+00
1.999596819822867300e+00
1.999883089411661707e+00
1.999730777549781680e+00
1.999592045514245076e+00
2.000084551700894941e+00
2.000035358437852295e+00
1.999879597938739595e+00
1.985189653766312512e+00
1.999879597938739595e+00
1.999648129723251344e+00
1.997275391250270760e+00
1.999922758304776504e+00
1.999504240479001105e+00
2.000105320893016625e+00
1.993244586301445409e+00
1.999804137916494140e+00
2.000118225886876377e+00
1.998636446141324852e+00
1.983224632499244411e+00
1.999867063047679805e+00
1.991759975503841762e+00
1.974966269248323414e+00
1.999650675446462245e+00
1.982167667540289502e+00
1.999745052431563641e+00
1.983439900304664105e+00
1.999615087471328101e+00
1.999811450912166499e+00
1.999575451855763797e+00
1.972579187287873959e+00
1.999902401114940442e+00
1.995720463661912136e+00
1.988323982114459598e+00
1.980605486624480660e+00
1.975682823227239426e+00
1.999811450912166499e+00
1.978414309892112977e+00
1.999955280727220730e+00
2.000045370868252181e+00
1.976018883901460965e+00
1.999894951849446878e+00
1.999221026714296912e+00
1.993817716973333987e+00
1.999879597938739595e+00
2.000014776049561682e+00
1.998887903773443497e+00
1.995323593742881041e+00
1.994819228098256181e+00
1.995069199242731406e+00
1.997946162970653416e+00
1.994880302961179019e+00
1.997553261667405877e+00
1.994322781976714642e+00
1.995446331477949364e+00
1.994126498345089038e+00
1.995427570973061338e+00
1.996178294547473753e+00
1.995460331499147921e+00
1.994932524751583003e+00
1.997146034872554932e+00
1.995513399713499059e+00
1.997156503315097087e+00
1.998926289660817091e+00
1.996321438561527772e+00
1.996363202342935406e+00
1.996548229312974154e+00
1.995148829644955768e+00
1.998670721376430537e+00
1.994148208706707504e+00
1.998210820027129575e+00
1.995403272510666737e+00
1.998547161572852726e+00
1.994734591662166379e+00
1.997144073573603462e+00
1.997103506131288286e+00
1.997344221328535063e+00
1.997084891309813370e+00
1.993759978381993037e+00
1.997462099306384076e+00
1.997137400052888756e+00
1.995411595901516399e+00
1.997816257177425392e+00
1.997097522858964691e+00
1.993649551136750242e+00
1.997702246771194234e+00
1.999436383514844540e+00
1.998918216426567085e+00
1.998037688410391199e+00
1.996816076509621229e+00
1.994879505652002116e+00
1.997451221872776461e+00
1.994285147711096995e+00
1.997525762347264644e+00
1.998301672387183592e+00
1.993646344067258935e+00
1.997611821098099982e+00
1.995231267957418453e+00
1.996191624340031945e+00
1.997077345811008042e+00
1.999326411138319770e+00
1.997386106000153205e+00
1.997937153214785599e+00
1.998350148148134053e+00
1.997223682727262029e+00
1.996034478419303815e+00
1.994902522909248965e+00
1.995844812001616786e+00
1.997182045751265234e+00
1.994708269149096935e+00
1.997616100091508029e+00
1.997725261729701440e+00
1.998363880542461946e+00
1.997413620164402603e+00
1.994519428095594682e+00
1.995041270497187602e+00
1.997207219429163683e+00
1.996757516123438103e+00
1.998483463577034769e+00
1.997110365924406716e+00
1.994655519223271112e+00
1.995446035519348404e+00
1.997098343713352708e+00
1.994015454420172473e+00
1.999190505467610901e+00
1.999342752845913118e+00
1.994720881019597547e+00
1.995851710955327762e+00
1.995388843565918391e+00
1.997145597866192279e+00
1.999453861781440134e+00
1.994748075393940612e+00
1.994227589097543607e+00
1.998965539148158665e+00
1.997341975415845461e+00
1.997103157166225662e+00
1.999342752845913118e+00
1.993874232667983248e+00
1.993473478151960743e+00
1.997129033232500461e+00
1.999370480793529525e+00
1.996377265648595190e+00
1.994326372593639096e+00
1.999530094495336696e+00
1.997940630672905282e+00
1.997109727755793207e+00
1.998099176794210008e+00
1.998023675303585600e+00
1.997234509238044353e+00
1.996600128612955549e+00
1.995830291808052381e+00
1.994883891860764535e+00
1.997611365226237501e+00
1.995048619221956310e+00
1.997051659406423374e+00
1.994216032157609231e+00
1.996432771286634100e+00
1.997171083895459054e+00
1.999159836947457691e+00
1.993859411881748755e+00
1.997952306453045335e+00
1.994271533017580866e+00
1.997956898588023833e+00
1.997097119802103915e+00
1.995303022208793298e+00
1.999352501613114841e+00
1.994981040676506057e+00
1.995401805169787712e+00
1.993536627901989711e+00
1.994442156751109474e+00
1.999490325016899384e+00
1.994770668622483090e+00
1.997648454392898731e+00
1.995059476289923639e+00
1.995955796129379678e+00
1.995409468961143906e+00
1.994721021012062279e+00
1.999471797678125107e+00
1.996570884997776130e+00
1.994348260549556384e+00
1.995446235758458586e+00
1.995000642595133877e+00
1.996370755854127710e+00
1.994818230400927206e+00
1.995390442159680644e+00
1.998508409377381945e+00
1.996781409539837071e+00
1.999561809544331714e+00
1.994940893484353328e+00
1.998894345787227023e+00
1.997565289707076364e+00
1.994312955702227219e+00
1.997156636323016432e+00
1.999470380026012739e+00
1.995616492488606175e+00
1.995030650995365029e+00
1.997093305147453535e+00
1.994687792630815748e+00
1.997680671287911602e+00
1.993554063123955888e+00
1.997679953645322914e+00
1.994518738728511487e+00
1.995275881356824321e+00
1.993731651807093552e+00
1.994503591637567741e+00
1.997749602048474848e+00
1.998434397828176445e+00
1.993564703371884850e+00
1.998919348013862729e+00
1.994963172780600980e+00
1.995451693451646191e+00
1.994002407714540848e+00
1.995473776971836921e+00
1.996288908999700684e+00
1.997080250795122858e+00
1.997173293654870063e+00
1.999084155491315684e+00
1.999197012460866674e+00
1.996235357327388993e+00
1.998741497228256669e+00
1.997118136491021767e+00
1.994959616406450698e+00
1.996860144112674096e+00
1.997696041905440367e+00
1.997131580416011687e+00
1.995366051506512806e+00
1.995136330048734585e+00
1.997577319053048805e+00
1.993960390107889724e+00
1.993815704810688594e+00
1.999561088861965485e+00
1.995390191989147688e+00
1.993572906774924824e+00
1.995433860833540463e+00
1.997968358360799668e+00
1.994471181046714392e+00
1.997103506131288286e+00
1.995338837588096048e+00
1.997072952949215718e+00
1.994017937441310728e+00
1.995713319307763856e+00
1.997089977696598462e+00
1.993759978381993037e+00
1.993744155141856433e+00
1.998821290209978230e+00
1.993685817957518980e+00
1.998043263857726126e+00
1.997083718863324586e+00
1.997897496911301696e+00
1.999333343370351068e+00
1.999336130495089625e+00
1.997613195635569827e+00
1.995082252597061068e+00
1.994731324531328953e+00
1.994694809272775426e+00
1.996746794903669464e+00
1.997309820529538316e+00
1.997089977696598462e+00
1.997139224406647928e+00
1.994610348448804027e+00
1.998965539148158665e+00
1.994379691382451414e+00
1.993559197869559041e+00
1.997099791625547516e+00
1.997661945008206263e+00
1.996832920148047696e+00
1.997558564892768729e+00
1.997628525228268392e+00
1.999571824630572259e+00
1.995687687663047161e+00
1.993609982925017121e+00
1.995926524039296268e+00
1.996224301833833037e+00
1.997628614259748803e+00
1.998125785054836179e+00
1.995339266503505016e+00
1.995359937645599713e+00
1.996197010706332264e+00
1.994328513849638496e+00
1.994758249859274413e+00
1.997115328481047891e+00
1.994313859660815202e+00
1.998792068101248542e+00
1.993705463296150171e+00
1.994815117187117570e+00
1.998736376274772963e+00
1.996406078343371915e+00
1.997154474968877658e+00
1.997766142631417274e+00
1.993552324708201651e+00
1.997569197370356875e+00
1.996152007393741101e+00
1.995389612391311074e+00
1.994160466990747560e+00
1.995120217848493693e+00
1.996773697650737089e+00
1.999483548055059234e+00
1.997609067518301140e+00
1.998893693022008700e+00
1.993692892316581755e+00
1.998245103043765347e+00
1.995364795537325708e+00
1.993660052198377830e+00
1.997975870429529399e+00
1.995393678648378799e+00
1.994692397556076191e+00
1.993631366683607409e+00
1.994796696791826252e+00
1.996366106193829149e+00
1.995020701916284223e+00
1.994385414612408036e+00
1.999221624779469852e+00
1.995394873148455872e+00
1.998811797576304006e+00
1.996226423875496980e+00
1.994694809272775426e+00
1.994795725730334368e+00
1.995449474632106535e+00
1.997945490051819650e+00
1.994330165064011284e+00
1.997344221328535063e+00
1.993600211693989710e+00
1.994720881019597547e+00
1.994697892763064750e+00
1.997894197114969961e+00
1.997144073573603462e+00
1.993571206046465649e+00
1.995458620412396078e+00
1.995874740575997341e+00
1.995423714226804535e+00
1.994368661900512096e+00
1.996765357519560968e+00
1.997939468921329675e+00
1.993692548775851003e+00
1.997650210152559946e+00
1.995141663239902385e+00
1.996128399556343247e+00
1.993721578327098953e+00
1.995507860345397066e+00
1.995344515897588655e+00
1.997959542813005474e+00
1.993670669760528869e+00
1.997418084414534611e+00
1.994857700220048935e+00
1.994785338718291223e+00
1.994135273806961761e+00
1.994008147079112225e+00
1.995384488995726402e+00
1.998117345111714904e+00
1.996531429538742852e+00
1.994383184079045579e+00
1.993994214703030066e+00
1.997663349742809125e+00
1.997230466724517761e+00
1.997779473230793856e+00
1.999326411138319770e+00
1.996292366962135745e+00
1.993548038567807268e+00
1.995117655072538021e+00
1.994890349102835359e+00
1.999314012685416975e+00
1.997749366650540370e+00
1.994433556904050553e+00
1.995449434532967192e+00
1.997620151310061321e+00
1.993631032995564656e+00
1.997077443896685844e+00
1.997647480340845272e+00
1.994440120600679434e+00
1.994371034199760917e+00
1.997382071201089682e+00
1.995046178466157283e+00
1.999520098762959330e+00
1.999069051328006719e+00
1.996569852406364642e+00
1.995711660291622280e+00
1.997650636933037127e+00
1.997609065472060408e+00
1.997766027015947632e+00
1.997051279402060509e+00
1.997702246771194234e+00
1.998506825959428079e+00
1.994948428672795648e+00
1.995047056971474886e+00
1.993630168722211549e+00
1.995008628151359487e+00
1.997207174421098408e+00
1.997143389302082905e+00
1.996164218107797428e+00
1.999197349733187412e+00
1.997409302099243833e+00
1.993986433004279801e+00
1.994413215779353710e+00
1.998929207099086058e+00
1.999491446847563081e+00
1.995122259507449147e+00
1.997139224406647928e+00
1.999336130495089625e+00
1.998002429883007469e+00
1.994360771149344735e+00
1.999157457862962506e+00
1.997170586389957814e+00
1.999147762207553747e+00
1.999408674458438728e+00
1.995427470337388209e+00
1.997712936499864700e+00
1.998189810369431330e+00
1.999497024786148325e+00
1.998825860246782993e+00
1.994415083437404146e+00
1.993624382103914350e+00
1.994735941167336435e+00
1.997676662985507612e+00
1.994368890619769186e+00
1.998404278610736551e+00
1.994675041063685095e+00
1.994963407225889718e+00
1.999470380026012739e+00
1.997629058633012766e+00
1.994441694336402726e+00
1.997467251632999430e+00
1.994295592203316314e+00
1.999386568053427737e+00
1.995840990603772847e+00
1.997386989223932874e+00
1.994750414961687923e+00
1.995321032619343349e+00
1.999429053716922366e+00
1.999458494744944304e+00
1.993697761464908291e+00
1.999490325016899384e+00
1.997114176316141743e+00
1.993616118638776857e+00
1.997647057518842972e+00
1.994334581567429820e+00
1.994703715644330799e+00
1.995539759641777655e+00
1.996579246630273641e+00
1.998918356343872604e+00
1.998876710837608206e+00
1.995020701916284223e+00
1.999197012460866674e+00
1.994313141925753374e+00
1.999510674840223823e+00
1.995916656735456929e+00
1.994252830221558526e+00
1.993692892316581755e+00
1.999520493262027410e+00
1.995401805169787712e+00
1.994045481689797228e+00
1.998715269787502136e+00
1.994883891860764535e+00
1.993769476618271641e+00
1.998660594595636608e+00
1.994700804852632015e+00
1.999351985400407372e+00
1.995338837588096048e+00
1.996023561867983798e+00
1.997694161091857712e+00
1.993757831411981707e+00
1.998001944049912826e+00
1.994420593454938828e+00
1.998841379314043154e+00
1.997461739114633650e+00
1.995851952374805727e+00
1.997179531094125160e+00
1.997162362140738168e+00
1.997176318899493097e+00
1.996358673098398873e+00
1.997133542375251203e+00
1.999204063320662472e+00
1.994696994045990435e+00
1.993603401568440958e+00
1.993596099907679609e+00
1.997227111957304624e+00
1.999149001326012032e+00
1.998650267193893049e+00
1.997874109070286286e+00
1.994761444669416184e+00
1.995480671272471529e+00
1.995008435205053665e+00
1.998861439076668356e+00
1.995089170252445587e+00
1.994367175532960390e+00
1.998411273669101096e+00
1.999345093726796030e+00
1.998204154556263656e+00
1.994387829740841722e+00
1.993744155141856433e+00
1.999512381689168006e+00
1.994348260549556384e+00
1.994811195087599076e+00
1.997088171573109916e+00
1.993857974411617828e+00
1.997314368191863254e+00
1.999545991368040010e+00
1.995441791011949961e+00
1.999453861781440134e+00
1.994342778863283927e+00
1.996557127440790946e+00
1.998436768935622165e+00
1.993568137630420178e+00
1.997547893944139563e+00
1.993672893297821380e+00
1.994351160386342192e+00
1.997187294411250535e+00
1.993891911934038808e+00
1.993729291141135285e+00
1.993979194501696917e+00
1.997686957130624608e+00
1.997235068205504893e+00
1.993642470573772529e+00
1.997648454392898731e+00
1.997623604723489654e+00
1.994797640389349036e+00
1.999163818534759995e+00
1.996293124396543828e+00
1.995386615996069368e+00
1.999041513018358307e+00
1.994488350576168800e+00
1.999345093726796030e+00
1.999063181854081384e+00
1.999336130495089625e+00
1.997193352234506003e+00
1.996508775080881870e+00
1.995384488995726402e+00
1.994914556415781304e+00
1.996852596553187587e+00
1.996323088188258321e+00
1.994092620141446170e+00
1.999334842740810414e+00
1.993624462802572772e+00
1.996563369531670462e+00
1.996243837451476599e+00
1.995124762852910960e+00
1.994330793994009365e+00
1.996553124720791939e+00
1.999517394836161754e+00
1.997470795294604695e+00
1.994312755672881021e+00
1.997637185229529821e+00
1.999336130495089625e+00
1.993549351800086855e+00
1.995840990603772847e+00
1.998412487090011957e+00
1.994717556713839324e+00
1.999388168521331055e+00
1.995379210274498716e+00
1.993874232667983248e+00
1.994100823970316405e+00
1.998126290212158818e+00
1.994688770219205098e+00
1.997741431066060835e+00
1.995874580297594347e+00
1.997210288379718701e+00
1.997114662468814306e+00
1.995460331499147921e+00
1.997814475814721602e+00
1.995410808907830846e+00
1.996288908999700684e+00
1.998415080657408360e+00
1.995204906373784670e+00
1.995589116762876980e+00
1.995095190128529650e+00
1.993569184092095714e+00
1.994050726626332981e+00
1.999471797678125107e+00
1.999305636754977966e+00
1.994084305554866487e+00
1.997165300745782135e+00
1.995588017136286529e+00
1.995382133679254544e+00
1.999336130495089625e+00
1.997250302522846965e+00
1.999202726282429232e+00
1.999498648829951319e+00
1.994336557176155322e+00
1.997761868859760925e+00
1.995755627506143215e+00
1.997981320999642874e+00
1.995433099881960715e+00
1.993696132197889659e+00
1.999342752845913118e+00
1.999323866951612461e+00
1.994880752914568900e+00
1.995080302424316221e+00
1.997669473553957298e+00
1.997173871686329427e+00
1.994957940176509403e+00
1.994978326237809796e+00
1.994883891860764535e+00
1.995057498794536643e+00
1.998132001919154854e+00
1.995095168793702634e+00
1.997558564892768729e+00
1.994363186097103391e+00
1.998954906826657218e+00
1.999471797678125107e+00
1.997843888315158578e+00
1.993626627456648759e+00
1.997921505637803019e+00
1.997160050787276209e+00
1.995859529510255914e+00
1.995900459209213329e+00
1.998929207099086058e+00
1.993598762146473247e+00
1.998590570941114919e+00
1.994419158576352213e+00
1.994793382102755919e+00
1.995859218603533991e+00
1.997517927364666823e+00
1.994864682094692032e+00
1.993547957974537876e+00
1.994859208485129320e+00
1.993641489505869169e+00
1.995148930180491886e+00
1.997629162876417341e+00
1.994666217598887181e+00
1.997544160944503044e+00
1.999336130495089625e+00
1.997563475271532996e+00
1.996053304974301001e+00
1.997790788845996257e+00
1.994399880725976182e+00
1.998337905693414296e+00
1.994940893484353328e+00
1.997138930579465343e+00
1.995153740719320945e+00
1.994022956087837972e+00
1.999599807872506796e+00
1.997168857568675682e+00
1.994774440481625222e+00
1.998417005285752834e+00
1.997174135388486871e+00
1.997404562308294773e+00
1.993955383681454308e+00
1.993874232667983248e+00
1.998377319758527726e+00
1.994513515028869088e+00
1.994316406764886862e+00
1.997624859948711418e+00
1.994352491303555963e+00
1.994446001842415273e+00
1.993572326634872605e+00
1.994144041678381107e+00
1.995061995886412864e+00
1.994144041678381107e+00
1.997528942044572098e+00
1.993628640599857560e+00
1.997741431066060835e+00
1.996548229312974154e+00
1.994838588407787272e+00
1.994860537993567773e+00
1.997661853291021306e+00
1.994425113416358863e+00
1.995047792809621967e+00
1.995389212105918020e+00
1.997361471523918741e+00
1.994437603590895947e+00
1.998943733040523307e+00
1.999189378752404211e+00
1.997133351067774454e+00
1.994762508040448079e+00
1.999386568053427737e+00
1.999202904383507118e+00
1.999073682534325380e+00
1.999336130495089625e+00
1.995713319307763856e+00
1.995042252583164588e+00
1.994283384762097766e+00
1.993613065972023257e+00
1.994285228116332354e+00
1.998404709410769531e+00
1.997140302535071132e+00
1.998846078212107136e+00
1.995386615996069368e+00
1.995078711803154770e+00
1.995696123880971395e+00
1.994366700810500381e+00
1.998436908747411866e+00
1.994491407398015559e+00
1.995201010186720803e+00
1.997485834555930984e+00
1.999336130495089625e+00
1.997648973538325601e+00
1.994760168316508375e+00
1.995066169912635301e+00
1.993595313847542183e+00
1.998125785054836179e+00
1.995435760357610500e+00
1.995400932120691806e+00
1.997567523029011971e+00
1.999218935656575047e+00
1.995351283613457483e+00
1.997409302099243833e+00
1.997160179435225169e+00
1.994383584803637754e+00
1.994162688714083531e+00
1.995147267619867604e+00
1.994360771149344735e+00
1.998007695266428074e+00
1.995397411204747451e+00
1.994782166574793125e+00
1.995987119974782953e+00
1.997911544320501775e+00
1.999364002355202841e+00
1.997628982671844744e+00
1.993929915888857041e+00
1.993875328742034769e+00
1.994307522309779923e+00
1.998818676151745688e+00
1.997409302099243833e+00
1.999471797678125107e+00
1.995348808313552880e+00
1.993891879272616574e+00
1.994683504548126596e+00
1.994976948786476800e+00
1.993641240990875474e+00
1.997599785472383038e+00
1.997119257629299094e+00
1.995899847856013487e+00
1.999218142458310421e+00
1.994534703557734989e+00
1.999323866951612461e+00
1.995350529320506494e+00
1.993607140114704634e+00
1.999084155491315684e+00
1.997593405007779932e+00
1.995120135399640615e+00
1.999163256991508542e+00
1.999016805690966514e+00
1.996218534935919608e+00
1.998993452842072749e+00
1.994313148918255507e+00
1.997959542813005474e+00
1.998978061869845613e+00
1.998417005285752834e+00
1.994863302001472993e+00
1.997503706398095158e+00
1.993753776994255933e+00
1.997945625431108763e+00
1.997462639770184456e+00
1.994017937441310728e+00
1.997634940675002024e+00
1.995696123880971395e+00
1.999018147660872824e+00
1.994883995703778279e+00
1.997663150431448376e+00
1.999331574478004248e+00
1.999221624779469852e+00
1.997677526690635252e+00
1.994318791388019596e+00
1.994766271403111135e+00
1.993528816296753048e+00
1.994344591259658683e+00
1.994233649180075618e+00
1.997568788281155694e+00
1.995136470736933010e+00
1.994316631316720434e+00
1.996701748613497696e+00
1.997952306453045335e+00
1.997568788281155694e+00
1.997076504545914455e+00
1.995471328588424464e+00
1.993544575122962570e+00
1.998927070370915882e+00
1.997534494418065742e+00
1.997816257177425392e+00
1.997946162970653416e+00
1.997765568141359083e+00
1.997554835997274125e+00
1.994823919460863015e+00
1.995055740207940520e+00
1.994868709709636478e+00
1.993581926724175668e+00
1.995095168793702634e+00
1.997074085050154268e+00
1.996653767151568060e+00
1.996557983678590720e+00
1.993554695158842316e+00
1.994338072680411189e+00
1.993882615602787123e+00
1.997361471523918741e+00
1.994348667189608681e+00
1.997336361336151889e+00
1.994316076085392853e+00
