1.760000519369914196e+00
1.933929583685824793e+00
1.955242943886227325e+00
1.907136240777216774e+00
1.959410427918084618e+00
1.961628704486815034e+00
1.939576857794424569e+00
1.946048799379614946e+00
1.964483343220238210e+00
1.964055751039576636e+00
2.000122331763805494e+00
1.969175124719471093e+00
1.989518991860934838e+00
2.000122331763805494e+00
2.000122331763805494e+00
2.000122331763805494e+00
2.000122331763805494e+00
2.000122331763805494e+00
2.000122331763805494e+00
1.996679800840957864e+00
2.000122331763805494e+00
2.000122331763805494e+00
2.000122331763805494e+00
2.000122331763805494e+00
2.000122331763805494e+00
1.995247290103568716e+00
2.000122331763805494e+00
1.998781338563967447e+00
2.000122331763805494e+00
1.991090224651289153e+00
2.000122331763805494e+00
2.000122331763805494e+00
1.999864544989795379e+00
2.000122331763805494e+00
2.000122331763805494e+00
1.984313996173643124e+00
2.000122331763805494e+00
1.995574888522321011e+00
1.986358360744823415e+00
2.000122331763805494e+00
2.000122331763805494e+00
1.994280395329258271e+00
2.000122331763805494e+00
2.000122331763805494e+00
2.000122331763805494e+00
2.000122331763805494e+00
1.994860569258768646e+00
2.000122331763805494e+00
1.987197584971477360e+00
2.000122331763805494e+00
1.989505528892203223e+00
1.981599409173711024e+00
2.000122331763805494e+00
1.971423965473112494e+00
2.000122331763805494e+00
2.000122331763805494e+00
2.000122331763805494e+00
2.000122331763805494e+00
2.000122331763805494e+00
2.000122331763805494e+00
2.000122331763805494e+00
2.000122331763805494e+00
1.987762028605991382e+00
2.000122331763805494e+00
2.000122331763805494e+00
1.999325301750524364e+00
2.000122331763805494e+00
2.000122331763805494e+00
2.000122331763805494e+00
1.993698715429311319e+00
2.000122331763805494e+00
2.000122331763805494e+00
2.000024097437127946e+00
1.984629171602938058e+00
2.000122331763805494e+00
1.992211462777187192e+00
1.978309567256200774e+00
2.000122331763805494e+00
1.983004749383047605e+00
2.000122331763805494e+00
1.984639889887800823e+00
2.000122331763805494e+00
2.000122331763805494e+00
2.000122331763805494e+00
1.973587146531252667e+00
2.000122331763805494e+00
1.997472815501940335e+00
1.988793544398535840e+00
1.980446236465609910e+00
1.979509277411804602e+00
2.000122331763805494e+00
1.980193829893898139e+00
2.000122331763805494e+00
2.000122331763805494e+00
1.972384184877485902e+00
2.000122331763805494e+00
2.000122331763805494e+00
1.993881048646351850e+00
2.000122331763805494e+00
2.000122331763805494e+00
1.999704459240526422e+00
1.999321128742043374e+00
1.999031771949987046e+00
1.997510610963130651e+00
1.997827807962313518e+00
1.998386646957429846e+00
1.999697487936303641e+00
1.997915842153752841e+00
1.997937079354404677e+00
1.997729552745903359e+00
1.999563209739508407e+00
1.999443701282076491e+00
1.999522771400405352e+00
1.997860614008961422e+00
1.998095695689517504e+00
1.998516859783587618e+00
1.998125315376927169e+00
1.998792518869591861e+00
1.998090675254726944e+00
1.999234044545548317e+00
1.997881682355433730e+00
1.998829947632058790e+00
2.000122331763805494e+00
1.999808025652883625e+00
1.999399238077495422e+00
1.997860049654446968e+00
1.998579866232976787e+00
1.998727643165976620e+00
1.999443701282076491e+00
1.999115145207666089e+00
1.997564150672824335e+00
1.998172677121020202e+00
2.000021148188110498e+00
1.998796481642393985e+00
1.999321128742043374e+00
1.999476926806865063e+00
1.998361366804429551e+00
1.997879450111837984e+00
1.999007182719239939e+00
1.998862505301399528e+00
1.999464083805208903e+00
1.998782901282709412e+00
1.997850193855197798e+00
1.997760939655203627e+00
1.999564766610808064e+00
1.998260386967730229e+00
1.998130593867452065e+00
1.999864509040488292e+00
2.000075890714995364e+00
1.997883726966347862e+00
2.000122331763805494e+00
1.999841276819698033e+00
1.998603553114420617e+00
1.998181009132606434e+00
2.000075890714995364e+00
1.998326002026595161e+00
2.000122331763805494e+00
1.997715607548343320e+00
2.000122331763805494e+00
1.999231101771369312e+00
1.997860614008961422e+00
1.999380897766874332e+00
1.999272330594166869e+00
1.998317373511397266e+00
1.997798666296664249e+00
1.998685861533279207e+00
1.998199781939455244e+00
1.997945451954094231e+00
1.998347119648515191e+00
1.999856289366112927e+00
1.999386893894452122e+00
1.999365582148404208e+00
1.998193750897112819e+00
2.000122331763805494e+00
2.000122331763805494e+00
1.998965724869874006e+00
2.000122331763805494e+00
1.997808194073436905e+00
1.998004550301831106e+00
1.999522771400405352e+00
1.997853587737895786e+00
2.000122331763805494e+00
1.999794116347521689e+00
1.999035988953850707e+00
1.998343851874978094e+00
2.000122331763805494e+00
1.997994524134395045e+00
1.998995142576819761e+00
1.998900831461883021e+00
1.999240644483500695e+00
1.999564766610808064e+00
1.999585826562453317e+00
1.997866367679729915e+00
1.998172677121020202e+00
1.998208304845646044e+00
1.999775912500714403e+00
2.000021148188110498e+00
1.997678159583349045e+00
1.999585826562453317e+00
1.998077626654033434e+00
1.997846260758079584e+00
1.998995142576819761e+00
1.998133215617074798e+00
1.999122965740370850e+00
2.000122331763805494e+00
1.999386893894452122e+00
1.998016045638165705e+00
1.997864573987908177e+00
1.998199781939455244e+00
1.999585826562453317e+00
1.999399238077495422e+00
1.998220858614391027e+00
1.999247519674434370e+00
2.000052614755432501e+00
2.000075890714995364e+00
1.998760196801269595e+00
1.997912169141561778e+00
1.998517340047144986e+00
1.998193750897112819e+00
1.998187253556283238e+00
1.999852931866780592e+00
1.998153309594882687e+00
1.999161232907968877e+00
1.997828975449289945e+00
1.998895509179593688e+00
1.998934478920441737e+00
2.000122331763805494e+00
1.997704860633270130e+00
1.998891973925927656e+00
1.999386893904080864e+00
1.997509732620616152e+00
1.998183852402558802e+00
1.999794116347521689e+00
1.999578321338249420e+00
1.997718730003062548e+00
1.998231676710243487e+00
1.998857849949817744e+00
1.998887817470783368e+00
1.997537097597827493e+00
1.997823907423374790e+00
2.000122331763805494e+00
1.998830764151722672e+00
1.999625166950701693e+00
1.999443701282076491e+00
1.999386893894452122e+00
1.997728490216130526e+00
2.000021148188110498e+00
1.999794116347521689e+00
1.997652230085959602e+00
1.999231101771369312e+00
1.998503920709134629e+00
1.999197159289212600e+00
1.997883726966347862e+00
1.997799154109325404e+00
1.999231101771369312e+00
1.999150714838269671e+00
1.997670221871390206e+00
1.999231101771369312e+00
1.998634219211111729e+00
1.999380897766874332e+00
1.997813602047990189e+00
1.998900560726842635e+00
1.997895478363909127e+00
1.998806630628884973e+00
2.000021148188110498e+00
1.997906822126954918e+00
2.000021148188110498e+00
1.999238501310127036e+00
1.998939233484795075e+00
1.998296454093270391e+00
1.998707557231289345e+00
1.998576812282088833e+00
2.000122331763805494e+00
1.999870338132521352e+00
1.997811293907398422e+00
1.998707557231289345e+00
1.998785051446264172e+00
1.998857849949817744e+00
1.997835130708327522e+00
1.998831931563237907e+00
1.999564766610808064e+00
1.998442278596322064e+00
1.998007286322416975e+00
1.997660163428183422e+00
2.000021148188110498e+00
1.998769036113000386e+00
1.999599821936253186e+00
2.000122331763805494e+00
1.998164983498967651e+00
2.000075890714995364e+00
1.999231101771369312e+00
1.999835164492964612e+00
1.998066090708384923e+00
1.999867841073779351e+00
2.000122331763805494e+00
1.999193377699333585e+00
1.999443701282076491e+00
2.000122331763805494e+00
1.999794278106007628e+00
1.999041293564776778e+00
1.999464083805208903e+00
2.000122331763805494e+00
1.998954778809430621e+00
1.998630053848439392e+00
2.000122331763805494e+00
1.998631965334907168e+00
2.000122331763805494e+00
2.000122331763805494e+00
2.000122331763805494e+00
1.998138008167226420e+00
1.998891505063729479e+00
1.997879119670348480e+00
1.999697487936303641e+00
1.999704459240526422e+00
2.000021148188110498e+00
2.000122331763805494e+00
2.000122331763805494e+00
1.999607685371747712e+00
1.999600100932110491e+00
2.000021148188110498e+00
1.997445719318811763e+00
1.999193377699333585e+00
1.999244423995249154e+00
1.999794116347521689e+00
1.998661013634683847e+00
1.998239921729231039e+00
1.998090675254726944e+00
1.998127304354260003e+00
1.997899826301322346e+00
1.998209406876718663e+00
1.999964224509605648e+00
1.998218893514853489e+00
1.999775912500714403e+00
1.999563209739508407e+00
1.999247519674434370e+00
1.999697487936303641e+00
1.999476926806865063e+00
2.000075890714995364e+00
1.999443701282076491e+00
2.000122331763805494e+00
1.998199781939455244e+00
1.998517340047144986e+00
2.000122331763805494e+00
2.000122331763805494e+00
1.997920498793685828e+00
1.999464083805208903e+00
1.998911322381791145e+00
1.997883726966347862e+00
1.998831931563237907e+00
1.998285006676859821e+00
1.998954778809430621e+00
1.999122852408998563e+00
1.999864509040488292e+00
1.997852391001705419e+00
1.999870338132521352e+00
2.000122331763805494e+00
1.999870338132521352e+00
2.000075890714995364e+00
1.998387640288425526e+00
1.997908365473170855e+00
1.997706080052660482e+00
1.997725662759455290e+00
2.000021148188110498e+00
1.997865446113588961e+00
1.997704860633270130e+00
1.997841634785601395e+00
2.000122331763805494e+00
1.998626209639624562e+00
1.999176545359720780e+00
2.000075890714995364e+00
1.999464083805208903e+00
2.000122331763805494e+00
1.999380897766874332e+00
1.999193377699333585e+00
1.998374660731128571e+00
1.998245147436110036e+00
1.999197159289212600e+00
1.997891583744753063e+00
1.999476926806865063e+00
2.000122331763805494e+00
2.000021148188110498e+00
1.998343851874978094e+00
2.000075890714995364e+00
1.998442278596322064e+00
2.000021148188110498e+00
2.000122331763805494e+00
1.999240644483500695e+00
1.999197159289212600e+00
2.000075890714995364e+00
2.000021148188110498e+00
1.998701119860352815e+00
1.997852889216973349e+00
1.999380897766874332e+00
1.998853315559790511e+00
1.999794116347521689e+00
2.000122331763805494e+00
1.999247519674434370e+00
1.999324242533592644e+00
1.998016045638165705e+00
1.999599821936253186e+00
1.999600100932110491e+00
1.998792518869591861e+00
1.998760196801269595e+00
1.998697112479776328e+00
2.000075890714995364e+00
1.998883144950672319e+00
1.997611067167782029e+00
1.999227181448257618e+00
1.999464083805208903e+00
1.998174414508459451e+00
2.000122331763805494e+00
1.998341298506776553e+00
1.999476926806865063e+00
1.998296454093270391e+00
1.998631070471172055e+00
1.999476926806865063e+00
1.999122852408998563e+00
1.998883144950672319e+00
1.999190471221253818e+00
1.997744470490655511e+00
1.998954778809430621e+00
1.998639972275580101e+00
1.999599821936253186e+00
1.999864509040488292e+00
1.998006127581644753e+00
2.000122331763805494e+00
1.999900775431231015e+00
1.999882524882653945e+00
2.000075890714995364e+00
1.999476926806865063e+00
1.997994524134395045e+00
1.999585826562453317e+00
1.999564766610808064e+00
1.998780645685607205e+00
2.000075890714995364e+00
1.998852966604054870e+00
1.999396130577999697e+00
1.999115145207666089e+00
2.000021148188110498e+00
1.998769036113000386e+00
1.998038084881521792e+00
1.999387033105631373e+00
1.999235220181553530e+00
2.000122331763805494e+00
1.999129103645881589e+00
1.999794116347521689e+00
1.998782901282709412e+00
2.000122331763805494e+00
1.998887817470783368e+00
1.998193750897112819e+00
1.999964224509605648e+00
2.000021148188110498e+00
1.999862799650202527e+00
1.998814708703660070e+00
1.999775912500714403e+00
1.999870338132521352e+00
1.997512765675263369e+00
1.999845090196290087e+00
1.999231101771369312e+00
1.999841276819698033e+00
1.999564766610808064e+00
1.998682625333769280e+00
1.999247519674434370e+00
1.998796481642393985e+00
1.998910154802169714e+00
1.999845090196290087e+00
1.999150714838269671e+00
2.000021148188110498e+00
2.000021148188110498e+00
1.998732627923572869e+00
1.998797981039575511e+00
1.997904987298732005e+00
1.999386893894452122e+00
1.998902056503147451e+00
1.998267398791253813e+00
1.999599821936253186e+00
1.998911322381791145e+00
1.999243648957948594e+00
1.999321128742043374e+00
1.999190471221253818e+00
1.999022030532420890e+00
1.998182114282612165e+00
1.997898019387475133e+00
1.997873113490210129e+00
1.998593812832725858e+00
1.998593037284535301e+00
