1.849264205472912703e+00
1.954982937454976089e+00
1.959645590841132323e+00
1.938186129562807558e+00
1.965878473527274517e+00
1.970781332652014939e+00
1.962999341234050732e+00
1.962531500338443369e+00
1.971783589689632521e+00
1.964168870012684476e+00
2.000122331763805494e+00
1.971986414615945593e+00
1.989458107745280424e+00
2.000122331763805494e+00
2.000122331763805494e+00
2.000122331763805494e+00
2.000122331763805494e+00
2.000122331763805494e+00
1.996316852328903213e+00
1.993606092603608992e+00
2.000122331763805494e+00
2.000122331763805494e+00
2.000122331763805494e+00
2.000122331763805494e+00
2.000122331763805494e+00
1.992361347638891722e+00
2.000122331763805494e+00
1.994229392412880886e+00
2.000122331763805494e+00
1.989215737533880812e+00
1.997412211487953781e+00
2.000122331763805494e+00
1.994833851451753626e+00
2.000122331763805494e+00
2.000122331763805494e+00
1.983212048560493601e+00
2.000122331763805494e+00
1.992960662155984553e+00
1.988790888432637738e+00
1.999918751997671329e+00
1.996849075369449666e+00
1.992508846901367425e+00
2.000122331763805494e+00
2.000122331763805494e+00
1.998141065732214727e+00
2.000122331763805494e+00
1.994071678973027062e+00
2.000122331763805494e+00
1.988056497864423067e+00
2.000122331763805494e+00
1.990154750887916490e+00
1.980446508331808353e+00
2.000122331763805494e+00
1.975882351700124273e+00
2.000122331763805494e+00
2.000122331763805494e+00
2.000122331763805494e+00
2.000122331763805494e+00
2.000122331763805494e+00
1.997441378324995798e+00
1.999585951759135227e+00
2.000122331763805494e+00
1.988026268032492938e+00
2.000122331763805494e+00
2.000122331763805494e+00
1.996038626212220057e+00
2.000122331763805494e+00
1.996524059497918779e+00
1.997734306854915154e+00
1.990195097067046559e+00
2.000122331763805494e+00
1.998417822560142998e+00
1.995194128240948439e+00
1.986229763200094478e+00
2.000122331763805494e+00
1.990441666420265321e+00
1.976665522778758621e+00
2.000122331763805494e+00
1.982506915142282722e+00
2.000122331763805494e+00
1.984115724528211944e+00
2.000122331763805494e+00
2.000122331763805494e+00
2.000122331763805494e+00
1.978505363963927177e+00
2.000122331763805494e+00
1.993947843936380693e+00
1.989189875953808251e+00
1.983256573389844402e+00
1.979219952045228714e+00
2.000122331763805494e+00
1.979349521765441544e+00
2.000122331763805494e+00
2.000036558001161424e+00
1.972601016113121108e+00
2.000122331763805494e+00
1.996059937459430556e+00
1.990768787676059581e+00
2.000122331763805494e+00
1.996857126484737455e+00
2.000072046139674597e+00
1.998605196358393288e+00
1.998355401347609028e+00
1.998475321755336820e+00
1.999702670566518181e+00
1.998329303840528537e+00
1.999302331666537480e+00
1.998561217321192407e+00
1.998561217321192407e+00
1.999229143907038209e+00
1.998923710030214407e+00
1.998389847395238172e+00
1.999078909116100977e+00
1.998897432559460619e+00
1.999421439428351377e+00
2.000072046139674597e+00
1.999165431789057701e+00
1.999155608545383211e+00
1.999152093731432878e+00
1.998436327579901750e+00
1.999939868289808853e+00
1.999854852642721559e+00
1.998845529376631625e+00
1.999939868289808853e+00
1.998216756279496797e+00
1.999029556046797662e+00
1.999208014660613930e+00
1.999400606038571171e+00
1.999154448011454699e+00
1.999248464000093817e+00
1.999149377040809750e+00
1.998561217321192407e+00
1.999417969141863427e+00
1.999078909116100977e+00
1.999264482703196011e+00
2.000087297985522650e+00
2.000074167408377956e+00
1.999706873996523138e+00
1.999256864387372046e+00
1.998389847395238172e+00
1.999451846546894895e+00
1.999370966277380868e+00
1.999916407402134499e+00
1.999450655286860057e+00
1.998587494598128789e+00
1.999220129571490201e+00
1.999339091204751728e+00
2.000120815728405166e+00
1.999245295452814819e+00
1.999702670566518181e+00
1.999916407402134499e+00
1.999172730236257411e+00
1.999103858614950102e+00
1.998389847395238172e+00
1.998942075878637370e+00
1.999065778180974418e+00
1.998350788616519713e+00
1.999268525068529145e+00
1.999235022831564290e+00
1.999916407402134499e+00
1.999245295452814819e+00
1.998382154126389088e+00
1.999065778180974418e+00
1.999225112953828098e+00
1.999939868289808853e+00
1.999361626639305278e+00
1.998267922052138879e+00
1.998549174478724044e+00
1.999202603368405162e+00
2.000071582113205348e+00
2.000107909503617165e+00
1.998298969848403495e+00
1.998952598263280755e+00
1.998819368495768467e+00
1.998995634444778347e+00
2.000105320893016625e+00
1.998216756279496797e+00
2.000074167408377956e+00
1.999356590477773699e+00
1.999339091204751728e+00
2.000107909503617165e+00
1.999361626639305278e+00
2.000087297985522650e+00
1.999187598797889986e+00
2.000122331763805494e+00
1.999574099060961174e+00
1.999029556046797662e+00
1.999687116478569893e+00
1.999469527200101515e+00
1.999172730236257411e+00
1.999152093731432878e+00
1.998942075878637370e+00
1.998398744009575845e+00
1.999257461645651102e+00
1.998480521963007517e+00
1.999255031260158244e+00
1.999095702095800897e+00
1.999421439428351377e+00
2.000071582113205348e+00
1.999707409944254222e+00
1.999707409944254222e+00
1.999250118355851091e+00
1.998587494598128789e+00
2.000087297985522650e+00
1.998382154126389088e+00
1.998816549557226541e+00
2.000122331763805494e+00
1.998312893855692884e+00
1.999268525068529145e+00
1.998480521963007517e+00
1.999014083827101329e+00
1.998561217321192407e+00
1.998317057966386256e+00
2.000122331763805494e+00
1.999095702095800897e+00
1.998819368495768467e+00
1.998382154126389088e+00
1.999173683295848214e+00
1.998401048401963642e+00
1.998816549557226541e+00
1.999939868289808853e+00
1.999206083792914868e+00
2.000122331763805494e+00
1.998209778274646631e+00
2.000074167408377956e+00
1.999463254987112526e+00
1.999210311249343563e+00
2.000122331763805494e+00
1.998911937536494543e+00
1.998526130039741888e+00
1.999114638496740426e+00
1.998200693685658447e+00
1.999358411582305095e+00
1.999329127549156926e+00
1.998795898926593262e+00
1.999415342089784664e+00
1.999939868289808853e+00
1.999945222598336958e+00
1.998287078369785918e+00
1.998883857109112760e+00
1.998897432559460619e+00
1.999219391319811523e+00
1.999339091204751728e+00
1.999172730236257411e+00
2.000071582113205348e+00
2.000105195505058830e+00
1.999145207880437258e+00
1.999946813167013726e+00
1.999171681099227493e+00
1.998324267375848340e+00
1.999256864387372046e+00
1.999329127549156926e+00
1.999164622625784871e+00
1.998661098695799776e+00
1.998646276063601235e+00
1.999450655286860057e+00
2.000122331763805494e+00
1.998587494598128789e+00
1.998549174478724044e+00
1.999707409944254222e+00
1.999208014660613930e+00
1.998587494598128789e+00
1.999159903566390062e+00
1.998911937536494543e+00
1.999255031260158244e+00
1.999945222598336958e+00
1.999673171966957819e+00
1.999250118355851091e+00
1.999660054649692986e+00
2.000120815728405166e+00
2.000068997229797141e+00
1.999301451186277667e+00
1.998480521963007517e+00
1.998350788616519713e+00
1.999169234384059024e+00
1.999400606038571171e+00
1.999255031260158244e+00
1.999149377040809750e+00
2.000074167408377956e+00
1.999133169844306890e+00
1.999401558134625612e+00
1.999159903566390062e+00
1.999157007296812782e+00
1.999277917099684831e+00
2.000122331763805494e+00
1.998911937536494543e+00
1.999068843054559563e+00
1.999145207880437258e+00
1.999277917099684831e+00
1.999687116478569893e+00
1.998605196358393288e+00
1.998587494598128789e+00
1.999228152237171763e+00
1.998261617270194579e+00
1.999154448011454699e+00
2.000074167408377956e+00
1.998395588386118193e+00
1.999946813167013726e+00
1.999187598797889986e+00
1.999172730236257411e+00
1.999264482703196011e+00
1.999203614553223041e+00
1.999229143907038209e+00
1.998816549557226541e+00
1.998458971043398646e+00
1.999169234384059024e+00
2.000122331763805494e+00
1.999332210532887677e+00
1.999977657986041990e+00
1.999886826215856450e+00
1.998852116442604521e+00
1.999707409944254222e+00
1.998816549557226541e+00
1.998262586319973444e+00
1.998355401347609028e+00
1.999154625533035912e+00
1.998303038553107758e+00
2.000071582113205348e+00
1.998844142858994255e+00
2.000074167408377956e+00
1.999219619394035918e+00
1.998395588386118193e+00
1.998549174478724044e+00
1.999574099060961174e+00
1.999400606038571171e+00
1.998355401347609028e+00
1.998287437484986384e+00
1.999417969141863427e+00
1.998995634444778347e+00
1.998575451122649893e+00
1.998952598263280755e+00
1.998590737712708565e+00
1.999169234384059024e+00
1.999553712238707481e+00
1.999401558134625612e+00
1.998411629675151069e+00
1.999176719998689178e+00
1.998897432559460619e+00
1.998844142858994255e+00
1.999574099060961174e+00
1.999462108927638537e+00
1.998388121811076612e+00
1.998395588386118193e+00
1.998549174478724044e+00
1.999743387036298392e+00
1.999095702095800897e+00
1.999268525068529145e+00
1.999065778180974418e+00
1.999264482703196011e+00
2.000120815728405166e+00
1.999165431789057701e+00
1.998411629675151069e+00
1.998329303840528537e+00
2.000105195505058830e+00
1.999417969141863427e+00
1.998883857109112760e+00
1.999329127549156926e+00
1.999154448011454699e+00
1.999304057936043266e+00
1.999400606038571171e+00
1.998480521963007517e+00
2.000122331763805494e+00
2.000070984304062716e+00
1.999105284147802752e+00
1.998911937536494543e+00
1.999257461645651102e+00
1.999301451186277667e+00
1.999235022831564290e+00
1.999159903566390062e+00
1.999264482703196011e+00
1.999939868289808853e+00
1.998253150069119188e+00
1.998480521963007517e+00
1.998324267375848340e+00
1.999421439428351377e+00
1.999114638496740426e+00
1.999176719998689178e+00
2.000071582113205348e+00
1.999245295452814819e+00
1.999934174180205693e+00
2.000122331763805494e+00
1.998411629675151069e+00
1.999138427422034958e+00
2.000068997229797141e+00
1.999469527200101515e+00
2.000071582113205348e+00
1.999160799416800804e+00
2.000071582113205348e+00
2.000087297985522650e+00
1.998844142858994255e+00
1.999408365799502318e+00
1.999785484525875789e+00
2.000122331763805494e+00
2.000074167408377956e+00
1.998216756279496797e+00
1.999358411582305095e+00
1.999916407402134499e+00
1.998324267375848340e+00
2.000122331763805494e+00
1.999268525068529145e+00
1.999462108927638537e+00
2.000087297985522650e+00
1.998942075878637370e+00
1.999370560242041073e+00
1.998298969848403495e+00
1.998844142858994255e+00
2.000105320893016625e+00
2.000105320893016625e+00
2.000122331763805494e+00
1.999154448011454699e+00
1.999286171256302813e+00
1.998911937536494543e+00
1.999138993115927576e+00
2.000033909340008798e+00
2.000074167408377956e+00
1.998335469740944115e+00
2.000105195505058830e+00
2.000122331763805494e+00
1.998958186740897647e+00
2.000122331763805494e+00
1.998816549557226541e+00
1.999946813167013726e+00
1.998398744009575845e+00
1.999939868289808853e+00
1.998350788616519713e+00
2.000120815728405166e+00
1.998587494598128789e+00
1.999103858614950102e+00
1.999401558134625612e+00
1.999453514524751618e+00
2.000074167408377956e+00
1.999462108927638537e+00
1.998952598263280755e+00
1.999172730236257411e+00
1.999149377040809750e+00
1.999171681099227493e+00
1.999155608545383211e+00
1.999172730236257411e+00
2.000071582113205348e+00
1.998287437484986384e+00
1.999172730236257411e+00
2.000071582113205348e+00
1.999939868289808853e+00
1.999660054649692986e+00
1.998395588386118193e+00
1.998923710030214407e+00
1.998209778274646631e+00
2.000033909340008798e+00
1.998382154126389088e+00
1.999916407402134499e+00
2.000087297985522650e+00
1.999785484525875789e+00
2.000122331763805494e+00
1.998350788616519713e+00
1.999208253100167365e+00
1.999400606038571171e+00
2.000122331763805494e+00
1.998844142858994255e+00
2.000105320893016625e+00
1.999105284147802752e+00
1.999916407402134499e+00
1.999302331666537480e+00
1.999065778180974418e+00
1.999332210532887677e+00
1.999172730236257411e+00
1.999268525068529145e+00
1.999401558134625612e+00
1.998355401347609028e+00
2.000071582113205348e+00
1.999219391319811523e+00
1.998827071160681035e+00
2.000070984304062716e+00
2.000087297985522650e+00
2.000070984304062716e+00
2.000068997229797141e+00
1.999210311249343563e+00
1.999095702095800897e+00
1.998549174478724044e+00
1.998398744009575845e+00
1.999137641972432489e+00
1.999155092060592942e+00
2.000120815728405166e+00
1.999169234384059024e+00
1.999219619394035918e+00
1.998411629675151069e+00
1.999095702095800897e+00
2.000122331763805494e+00
1.999451846546894895e+00
1.999401558134625612e+00
2.000068997229797141e+00
1.998942075878637370e+00
1.999916407402134499e+00
1.998216756279496797e+00
2.000087297985522650e+00
1.998590737712708565e+00
1.999785484525875789e+00
1.998251862226393616e+00
1.999408365799502318e+00
1.998958186740897647e+00
1.999172730236257411e+00
1.999172730236257411e+00
1.998883857109112760e+00
1.999417969141863427e+00
1.998844142858994255e+00
1.999219391319811523e+00
1.999959648688160341e+00
1.998638303095059632e+00
1.998911937536494543e+00
1.998646276063601235e+00
2.000122331763805494e+00
2.000120815728405166e+00
1.999154448011454699e+00
1.998911937536494543e+00
1.998575451122649893e+00
2.000068997229797141e+00
1.999421439428351377e+00
2.000105195505058830e+00
2.000122331763805494e+00
1.999415342089784664e+00
1.998922044453851354e+00
1.999406789285453234e+00
1.998549174478724044e+00
2.000107909503617165e+00
2.000105195505058830e+00
1.998398744009575845e+00
1.998458971043398646e+00
1.999257461645651102e+00
1.999065778180974418e+00
1.998389847395238172e+00
1.998253150069119188e+00
1.998395588386118193e+00
1.998324267375848340e+00
1.999743387036298392e+00
1.998646276063601235e+00
1.999157007296812782e+00
2.000074167408377956e+00
2.000122331763805494e+00
1.999660054649692986e+00
1.999702670566518181e+00
1.999208014660613930e+00
1.998945602771880825e+00
1.998958186740897647e+00
1.999934174180205693e+00
1.999939868289808853e+00
1.998395588386118193e+00
1.999068843054559563e+00
1.999248464000093817e+00
1.998389847395238172e+00
1.998355401347609028e+00
1.998646276063601235e+00
1.999257461645651102e+00
1.999397776104720581e+00
2.000068997229797141e+00
1.999332210532887677e+00
1.999103858614950102e+00
1.999417969141863427e+00
1.999916407402134499e+00
1.998253150069119188e+00
1.999138427422034958e+00
1.998646276063601235e+00
2.000122331763805494e+00
1.999421439428351377e+00
1.998395588386118193e+00
1.999939868289808853e+00
1.999154448011454699e+00
1.999462108927638537e+00
1.999959648688160341e+00
1.999401558134625612e+00
1.998476228851442382e+00
1.999332210532887677e+00
1.999415342089784664e+00
1.999152093731432878e+00
1.998355401347609028e+00
1.998355401347609028e+00
1.999268525068529145e+00
1.998458971043398646e+00
1.998852116442604521e+00
1.999370560242041073e+00
1.999945222598336958e+00
2.000071582113205348e+00
1.999114638496740426e+00
1.998261617270194579e+00
2.000087297985522650e+00
2.000071582113205348e+00
2.000056738027289338e+00
2.000068997229797141e+00
1.998911937536494543e+00
1.998577273700992141e+00
1.999913839469190879e+00
1.999029556046797662e+00
1.999945222598336958e+00
1.998816549557226541e+00
1.998577273700992141e+00
1.998903963536218020e+00
1.999939868289808853e+00
1.998587494598128789e+00
1.999245295452814819e+00
2.000068997229797141e+00
1.999157007296812782e+00
1.998298969848403495e+00
1.998458971043398646e+00
1.999687116478569893e+00
1.998819368495768467e+00
1.998827071160681035e+00
1.999450655286860057e+00
2.000105195505058830e+00
1.998605196358393288e+00
1.999245295452814819e+00
1.999114638496740426e+00
1.998436327579901750e+00
1.999707409944254222e+00
1.998844142858994255e+00
1.998333698024424399e+00
1.999103858614950102e+00
1.999574099060961174e+00
2.000087297985522650e+00
1.999401558134625612e+00
2.000074167408377956e+00
1.999245295452814819e+00
2.000122331763805494e+00
1.998852116442604521e+00
1.998262586319973444e+00
1.998382154126389088e+00
1.999203614553223041e+00
1.999250118355851091e+00
1.998958186740897647e+00
2.000071582113205348e+00
2.000105195505058830e+00
1.998605196358393288e+00
2.000056738027289338e+00
1.999245295452814819e+00
1.998436327579901750e+00
2.000071582113205348e+00
2.000070984304062716e+00
1.999220129571490201e+00
2.000074167408377956e+00
1.999574099060961174e+00
2.000074167408377956e+00
1.999939868289808853e+00
1.998287078369785918e+00
1.999451846546894895e+00
1.999600311692051102e+00
1.999245295452814819e+00
1.999269150083222257e+00
1.998922044453851354e+00
2.000070984304062716e+00
1.998287078369785918e+00
1.999401558134625612e+00
2.000105195505058830e+00
2.000071582113205348e+00
1.999256783232683743e+00
1.998355401347609028e+00
1.999301451186277667e+00
1.998393113899304296e+00
1.999169234384059024e+00
1.999707409944254222e+00
1.999301451186277667e+00
1.999361626639305278e+00
1.998897432559460619e+00
1.999945222598336958e+00
1.999290540779732117e+00
1.999417969141863427e+00
1.999702670566518181e+00
1.999415342089784664e+00
1.999335989906390942e+00
1.998401048401963642e+00
1.998458971043398646e+00
1.998287078369785918e+00
1.998577273700992141e+00
1.999361626639305278e+00
1.999169234384059024e+00
1.999138993115927576e+00
1.999356590477773699e+00
1.999356590477773699e+00
