1.849264205472912703e+00
1.953408652513005439e+00
1.961728123879482366e+00
1.935663839860956470e+00
1.965521524453717417e+00
1.970151744445651554e+00
1.956637389895609314e+00
1.966880531021351075e+00
1.970550208457276131e+00
1.971630339118867425e+00
2.000122331763805494e+00
1.973782021743795578e+00
1.991045148669021936e+00
2.000122331763805494e+00
2.000122331763805494e+00
2.000122331763805494e+00
2.000122331763805494e+00
2.000122331763805494e+00
2.000122331763805494e+00
1.999322952910062234e+00
2.000122331763805494e+00
2.000122331763805494e+00
2.000122331763805494e+00
2.000122331763805494e+00
2.000122331763805494e+00
1.997568515579715376e+00
2.000122331763805494e+00
2.000001092863551655e+00
2.000122331763805494e+00
1.992873927591559458e+00
2.000122331763805494e+00
2.000122331763805494e+00
2.000122331763805494e+00
2.000122331763805494e+00
2.000122331763805494e+00
1.986999261726168475e+00
2.000122331763805494e+00
1.998683228116218125e+00
1.989608200967447837e+00
2.000122331763805494e+00
2.000122331763805494e+00
1.995629946253379972e+00
2.000122331763805494e+00
2.000122331763805494e+00
2.000122331763805494e+00
2.000122331763805494e+00
1.996596467545815212e+00
2.000122331763805494e+00
1.989157282928430082e+00
2.000122331763805494e+00
1.991902849173771139e+00
1.984345307534105762e+00
2.000122331763805494e+00
1.973081704015675619e+00
2.000122331763805494e+00
2.000122331763805494e+00
2.000122331763805494e+00
2.000122331763805494e+00
2.000122331763805494e+00
2.000122331763805494e+00
2.000122331763805494e+00
2.000122331763805494e+00
1.988413201689487098e+00
2.000122331763805494e+00
2.000122331763805494e+00
2.000122331763805494e+00
2.000122331763805494e+00
2.000122331763805494e+00
2.000122331763805494e+00
1.994149648313901402e+00
2.000122331763805494e+00
2.000122331763805494e+00
2.000122331763805494e+00
1.987433372060701586e+00
2.000122331763805494e+00
1.993831372298205062e+00
1.979812355651049849e+00
2.000122331763805494e+00
1.985160819605323201e+00
2.000122331763805494e+00
1.987932289010907017e+00
2.000122331763805494e+00
2.000122331763805494e+00
2.000122331763805494e+00
1.982907592826229415e+00
2.000122331763805494e+00
1.999790413462602334e+00
1.990515910468260152e+00
1.983932689258524951e+00
1.980576648481610080e+00
2.000122331763805494e+00
1.984820340149210827e+00
2.000122331763805494e+00
2.000122331763805494e+00
1.979674179020591396e+00
2.000122331763805494e+00
2.000122331763805494e+00
1.995276796875342651e+00
2.000122331763805494e+00
2.000122331763805494e+00
1.999983084115960041e+00
1.997922178973876806e+00
1.999977414618314020e+00
1.999935433615000813e+00
1.998066240054313880e+00
1.998042509760421748e+00
1.998814981222765130e+00
1.998314457696829027e+00
1.999311357142010914e+00
1.998369869556675837e+00
1.999696373026580876e+00
1.999983084115960041e+00
1.998906072681422952e+00
1.998998380691944243e+00
1.999098852916968205e+00
1.999983084115960041e+00
1.999949119703518408e+00
1.998277658981800764e+00
1.999999137984337150e+00
1.999433856221722206e+00
1.999677308409046450e+00
1.999671407520685618e+00
1.999491379800711677e+00
1.999741254865619711e+00
1.999654003948811321e+00
1.998074663335220214e+00
1.999988657010151494e+00
1.999311357142010914e+00
1.999888053849386615e+00
2.000122331763805494e+00
2.000027227265219754e+00
1.999949119703518408e+00
1.999223459986130491e+00
1.999707550829255442e+00
1.999741254865619711e+00
1.999999137984337150e+00
1.999935433615000813e+00
1.997995113650616217e+00
1.998929356096481147e+00
1.999614799102954033e+00
2.000027227265219754e+00
1.999801371797783389e+00
1.999977414618314020e+00
1.999999137984337150e+00
1.999570151121419004e+00
1.998673980187056998e+00
1.998405040221907125e+00
1.999426274030220885e+00
1.999797541138471413e+00
1.999857938230987786e+00
1.999999137984337150e+00
1.999741254865619711e+00
1.999391854785783407e+00
1.999179850206697528e+00
1.999999137984337150e+00
1.999627904123971733e+00
1.998006977281725716e+00
1.999677308409046450e+00
2.000027227265219754e+00
2.000107292437063311e+00
1.998458877948190215e+00
1.998256947205248490e+00
1.999399490254120781e+00
2.000122331763805494e+00
2.000027227265219754e+00
1.999701037880538879e+00
1.999614799102954033e+00
2.000107292437063311e+00
1.999627904123971733e+00
2.000107292437063311e+00
1.998918948825185948e+00
2.000122331763805494e+00
1.999998621846327040e+00
1.999440132134299830e+00
1.999949119703518408e+00
1.999998621846327040e+00
1.999554111686095315e+00
1.999097608019704042e+00
1.998376618673076033e+00
1.999857938230987786e+00
1.999635034122894339e+00
1.999029013448192282e+00
1.999627904123971733e+00
2.000027227265219754e+00
1.999949119703518408e+00
1.999977414618314020e+00
1.999613661908037354e+00
1.998028023038240786e+00
2.000122331763805494e+00
1.998252209286224934e+00
2.000122331763805494e+00
1.999797541138471413e+00
1.998545274318893172e+00
1.998058203095463004e+00
2.000122331763805494e+00
1.999088848554252618e+00
1.998267812598361948e+00
1.998978868804300868e+00
1.998221222502427841e+00
1.999999137984337150e+00
1.999179850206697528e+00
2.000122331763805494e+00
2.000030210516976048e+00
1.999935433615000813e+00
1.999532046356192749e+00
2.000122331763805494e+00
1.998415147369646760e+00
1.999549995913127320e+00
1.999797541138471413e+00
1.999822474158427843e+00
1.998005483986571518e+00
1.999988657010151494e+00
1.999999137984337150e+00
1.999983084115960041e+00
1.998267812598361948e+00
1.998324462260407053e+00
1.998897512616153005e+00
1.999614799102954033e+00
1.999572180483982553e+00
2.000027227265219754e+00
2.000027227265219754e+00
1.998913912848416352e+00
1.999983084115960041e+00
1.999625344921225567e+00
1.999185921253620490e+00
1.999795152432920498e+00
1.999612436316419606e+00
1.997916074721148627e+00
1.999935433615000813e+00
2.000122331763805494e+00
1.998061652298563473e+00
1.998029833235891894e+00
2.000010946479329643e+00
1.999687296596069253e+00
1.997991000733285283e+00
1.999251552204021731e+00
1.998406903306869653e+00
1.999635034122894339e+00
1.999983084115960041e+00
1.999949119703518408e+00
1.999592903598023774e+00
1.999998621846327040e+00
2.000107292437063311e+00
2.000107292437063311e+00
1.999857938230987786e+00
1.999146173876940047e+00
1.999671407520685618e+00
1.999635034122894339e+00
1.999643420449317865e+00
2.000027227265219754e+00
1.999615056959169079e+00
1.999935433615000813e+00
1.999276190477135451e+00
1.999799982539508525e+00
1.999799982539508525e+00
2.000122331763805494e+00
1.998387516883532555e+00
1.998563751951644152e+00
1.998867999535105078e+00
1.999850024730290166e+00
1.999949119703518408e+00
1.997920483392680246e+00
1.998052214168306806e+00
1.998909336021855720e+00
1.999523144228358307e+00
2.000030210516976048e+00
1.999983084115960041e+00
1.998899513213990176e+00
1.999570686756997340e+00
1.999857938230987786e+00
1.999799982539508525e+00
1.998730938536273039e+00
1.998210267678457219e+00
1.999150140473431536e+00
2.000122331763805494e+00
1.999922877087821682e+00
1.999983084115960041e+00
1.999949119703518408e+00
1.998111870736269946e+00
1.999949119703518408e+00
1.998252497460464738e+00
1.998987061377572649e+00
2.000027227265219754e+00
1.998013198942418800e+00
2.000030210516976048e+00
1.998856991505105318e+00
1.998090205950721954e+00
1.999998621846327040e+00
1.999671407520685618e+00
1.999998621846327040e+00
1.999416673290786539e+00
1.997853358950681280e+00
1.998497928237284338e+00
1.998095389584370496e+00
1.999150140473431536e+00
1.999998621846327040e+00
1.999935433615000813e+00
1.998688425740784202e+00
1.998342247079978318e+00
1.998087294038071837e+00
1.999998621846327040e+00
1.999707550829255442e+00
1.998035827896604388e+00
1.999949119703518408e+00
1.999088848554252618e+00
1.999797541138471413e+00
1.999400094302167918e+00
1.999857938230987786e+00
2.000027227265219754e+00
1.998905786720289735e+00
2.000027227265219754e+00
1.999988657010151494e+00
1.998326195015805107e+00
1.999857938230987786e+00
1.999491379800711677e+00
1.999857938230987786e+00
1.999671407520685618e+00
2.000122331763805494e+00
2.000027227265219754e+00
1.999047136426870486e+00
1.998309233827785469e+00
1.999857938230987786e+00
1.999857938230987786e+00
1.999857938230987786e+00
1.999225730705777693e+00
1.999922877087821682e+00
1.999999137984337150e+00
1.999696373026580876e+00
1.999549995913127320e+00
1.998688425740784202e+00
2.000027227265219754e+00
1.999741254865619711e+00
1.999983084115960041e+00
2.000122331763805494e+00
1.999643420449317865e+00
2.000107292437063311e+00
1.999998621846327040e+00
2.000027227265219754e+00
1.999523144228358307e+00
2.000027227265219754e+00
2.000122331763805494e+00
1.998094114917856601e+00
1.999965545766373198e+00
1.999949119703518408e+00
2.000122331763805494e+00
1.999983084115960041e+00
1.999797541138471413e+00
1.999999137984337150e+00
2.000122331763805494e+00
1.999797541138471413e+00
1.999707550829255442e+00
2.000122331763805494e+00
1.998345157314949105e+00
1.999707550829255442e+00
1.998047058327634851e+00
2.000122331763805494e+00
2.000122331763805494e+00
2.000122331763805494e+00
1.999491379800711677e+00
1.999797541138471413e+00
1.998511778906432612e+00
1.999093791302280820e+00
1.999983084115960041e+00
1.999983084115960041e+00
2.000027227265219754e+00
2.000122331763805494e+00
1.998596184777231777e+00
2.000122331763805494e+00
1.998221222502427841e+00
1.999983084115960041e+00
1.999983084115960041e+00
2.000107292437063311e+00
1.998028023038240786e+00
1.998657339476449080e+00
1.999965545766373198e+00
1.999998621846327040e+00
2.000017390050305099e+00
1.999707550829255442e+00
1.998498074762038001e+00
1.999604968122446591e+00
1.999654003948811321e+00
1.999634303334559160e+00
1.998906072681422952e+00
1.999607053993029071e+00
2.000027227265219754e+00
1.999604968122446591e+00
2.000027227265219754e+00
1.999983084115960041e+00
1.999998621846327040e+00
1.998393305126227926e+00
1.999983084115960041e+00
1.999999137984337150e+00
2.000107292437063311e+00
1.999949119703518408e+00
2.000122331763805494e+00
1.999615056959169079e+00
1.999671407520685618e+00
2.000122331763805494e+00
1.998093252147351562e+00
2.000122331763805494e+00
1.999047136426870486e+00
1.999999137984337150e+00
1.999922877087821682e+00
1.999449580244263780e+00
1.999922877087821682e+00
1.999604968122446591e+00
1.999797541138471413e+00
1.999935433615000813e+00
2.000027227265219754e+00
1.998940041524843725e+00
1.998178348488663270e+00
2.000027227265219754e+00
2.000107292437063311e+00
2.000027227265219754e+00
2.000107292437063311e+00
1.999570151121419004e+00
1.999029013448192282e+00
1.998070565116710995e+00
1.999231224355631165e+00
1.998940041524843725e+00
2.000027227265219754e+00
1.999093791302280820e+00
1.998859123483258449e+00
1.999098852916968205e+00
2.000122331763805494e+00
1.999707550829255442e+00
1.999935433615000813e+00
2.000107292437063311e+00
1.998361738538542820e+00
1.999999137984337150e+00
2.000107292437063311e+00
1.998071513324119364e+00
1.999949119703518408e+00
1.999965545766373198e+00
1.998549884892689699e+00
1.999554111686095315e+00
1.999668715199891755e+00
1.998326195015805107e+00
1.999998621846327040e+00
1.998055830305309089e+00
1.998967977211654645e+00
1.999999137984337150e+00
1.997912719360502853e+00
1.998467705918272719e+00
2.000122331763805494e+00
2.000107292437063311e+00
1.999491379800711677e+00
1.998409017364218387e+00
1.997922178973876806e+00
2.000107292437063311e+00
1.999671407520685618e+00
2.000027227265219754e+00
2.000122331763805494e+00
1.999988657010151494e+00
1.998349948484608340e+00
1.999998621846327040e+00
1.997917221794606180e+00
2.000107292437063311e+00
2.000027227265219754e+00
1.999857938230987786e+00
1.999449580244263780e+00
1.999949119703518408e+00
1.999787784937950397e+00
2.000030210516976048e+00
2.000122331763805494e+00
1.999998621846327040e+00
1.999998621846327040e+00
1.999648409803310267e+00
1.998521897889774301e+00
1.998521897889774301e+00
1.999983084115960041e+00
1.999999137984337150e+00
1.998540809960190678e+00
1.999741254865619711e+00
1.997874637506976248e+00
1.999857938230987786e+00
1.999741254865619711e+00
2.000107292437063311e+00
1.999922877087821682e+00
1.998713242775743693e+00
1.999988657010151494e+00
1.999999137984337150e+00
1.999643420449317865e+00
1.997890260396975037e+00
2.000122331763805494e+00
1.999690028385355145e+00
1.999999137984337150e+00
1.999491379800711677e+00
1.999707550829255442e+00
1.999999137984337150e+00
1.999935433615000813e+00
1.999922877087821682e+00
1.999965545766373198e+00
1.999072194854117912e+00
1.999797541138471413e+00
1.998093252147351562e+00
1.999701752055044635e+00
1.999983084115960041e+00
2.000027227265219754e+00
1.999507981556328584e+00
2.000122331763805494e+00
2.000027227265219754e+00
2.000027227265219754e+00
2.000107292437063311e+00
1.998340142182822854e+00
1.999999137984337150e+00
1.999492143046896153e+00
1.999983084115960041e+00
1.998212121048270395e+00
1.998350960244334562e+00
1.999999137984337150e+00
1.997967056106110473e+00
1.999801371797783389e+00
2.000107292437063311e+00
1.999801371797783389e+00
1.999949119703518408e+00
1.998210648947310819e+00
1.998168371293263856e+00
1.999935433615000813e+00
2.000027227265219754e+00
1.997916014072304236e+00
1.999801371797783389e+00
1.999505795954091392e+00
1.999949119703518408e+00
1.998052321356404759e+00
1.998583933057826334e+00
1.999998621846327040e+00
2.000122331763805494e+00
1.999935433615000813e+00
2.000030210516976048e+00
1.999741254865619711e+00
2.000122331763805494e+00
1.998147234090668523e+00
1.999799982539508525e+00
1.999613661908037354e+00
1.998521897889774301e+00
2.000027227265219754e+00
2.000027227265219754e+00
1.997984285602222299e+00
2.000027227265219754e+00
1.999801371797783389e+00
2.000027227265219754e+00
2.000027227265219754e+00
1.998929356096481147e+00
2.000027227265219754e+00
1.999998621846327040e+00
2.000027227265219754e+00
1.999999137984337150e+00
1.999741254865619711e+00
1.999998621846327040e+00
1.999801371797783389e+00
1.999803902619740725e+00
1.998347810956465409e+00
2.000027227265219754e+00
1.999965545766373198e+00
2.000027227265219754e+00
2.000027227265219754e+00
1.999857938230987786e+00
1.999857938230987786e+00
1.999146173876940047e+00
2.000010946479329643e+00
1.999857938230987786e+00
1.999627904123971733e+00
1.998342247079978318e+00
1.999983084115960041e+00
1.999922877087821682e+00
1.999988657010151494e+00
1.999977414618314020e+00
1.999988657010151494e+00
1.999935433615000813e+00
1.999614799102954033e+00
1.999119982758590597e+00
1.999124737467080859e+00
1.999701752055044635e+00
1.999671407520685618e+00
