1.849264205472912703e+00
1.940913100758525189e+00
1.961962870520536306e+00
1.951417636285081247e+00
1.972131988979972661e+00
1.972909730211507062e+00
1.964804381612965889e+00
1.963597761030010602e+00
1.970979612866319508e+00
1.967526915949821209e+00
1.999746096942118578e+00
1.974521885210533956e+00
1.991469441482007552e+00
1.999811466714815467e+00
1.999746096942118578e+00
2.000020109144882152e+00
1.999838679840105327e+00
1.999857692279509047e+00
2.000082473892835555e+00
1.997216494621878002e+00
1.999749112502790638e+00
1.999769155605389370e+00
1.999958977915414771e+00
1.999769323312997171e+00
1.999772499795019476e+00
1.996735593912488893e+00
1.999772499795019476e+00
1.998728406855546647e+00
1.999808821784371693e+00
1.993940937922340062e+00
2.000099482671376272e+00
1.999868760421259939e+00
1.999197715231676886e+00
1.999995098564328222e+00
1.999829549420597763e+00
1.984225316575809250e+00
1.999842210322851921e+00
1.997402349044570480e+00
1.990062299078014796e+00
2.000024953053378685e+00
2.000082473892835555e+00
1.995784012851254507e+00
1.999880979496077016e+00
1.999829549420597763e+00
2.000081081839766295e+00
1.999982003970934175e+00
1.996078727631336758e+00
2.000020109144882152e+00
1.987367366368773203e+00
1.999868760421259939e+00
1.992467512524284334e+00
1.981532243824239092e+00
1.999747029258778452e+00
1.976470138879174998e+00
1.999754069500338627e+00
1.999746096942118578e+00
1.999875984283666863e+00
1.999753936119511355e+00
1.999746096942118578e+00
2.000082473892835555e+00
2.000024953053378685e+00
1.999811466714815467e+00
1.990104751325870946e+00
1.999780552648983578e+00
1.999723994040116803e+00
1.998779298656860881e+00
1.999808821784371693e+00
2.000082473892835555e+00
2.000077187782267174e+00
1.993554434625440575e+00
1.999747029258778452e+00
2.000124698586110750e+00
1.999676087873464958e+00
1.988091553362988373e+00
1.999880979496077016e+00
1.994132206063359725e+00
1.982593210750200896e+00
1.999843404094520549e+00
1.987191707302710997e+00
1.999769155605389370e+00
1.985313238874692354e+00
1.999843404094520549e+00
1.999805288425100303e+00
1.999746096942118578e+00
1.981140707376071175e+00
1.999875984283666863e+00
1.997664271589457252e+00
1.989499870838621343e+00
1.985074637514518736e+00
1.979788132530063693e+00
1.999830306885633791e+00
1.983451453100338435e+00
1.999933966306473243e+00
2.000007800441330641e+00
1.976710624192272059e+00
1.999868760421259939e+00
1.999902977254582659e+00
1.995001453620914855e+00
1.999780947636759176e+00
2.000082473892835555e+00
1.999276927823814498e+00
1.997615104193511071e+00
1.997178176561729801e+00
1.997348701271215221e+00
1.999137327775151407e+00
1.997125394691537714e+00
1.998706500640825334e+00
1.996196235141488806e+00
1.997540242653228493e+00
1.997569321307395951e+00
1.997834995589294893e+00
1.997910263377288942e+00
1.997166782442828747e+00
1.998331255910544835e+00
1.997838433088926058e+00
1.998641719636085945e+00
1.999285559832229664e+00
1.997897970329059580e+00
1.997918672657537309e+00
1.998037872691393213e+00
1.997243436093046887e+00
1.999180769878371233e+00
1.999186764705913388e+00
1.997692177296019667e+00
1.999172934414406688e+00
1.996541594924557295e+00
1.998292626096967339e+00
1.998435290497431849e+00
1.998659275002718338e+00
1.998302881217554061e+00
1.998670628022493068e+00
1.998435138112691023e+00
1.997523749041222763e+00
1.998869582116599153e+00
1.998315381948831737e+00
1.998757916935199441e+00
1.999594114191435512e+00
1.999246750793239658e+00
1.999157686224398045e+00
1.998220762027718811e+00
1.997190882713603566e+00
1.998629978240230365e+00
1.998558605915977893e+00
1.999120167615602739e+00
1.998807104082831021e+00
1.997520999793908514e+00
1.997845282856429483e+00
1.998557551510853791e+00
1.999299097255577529e+00
1.998706989413980173e+00
1.999159473429980460e+00
1.999151630294604853e+00
1.998348819240046481e+00
1.997857460877731972e+00
1.997145450396906385e+00
1.997976291558406725e+00
1.998358363792968273e+00
1.996979954324663797e+00
1.998786013727645416e+00
1.998762470869282160e+00
1.999175208576736473e+00
1.998728601309828878e+00
1.996475697548020012e+00
1.997213694658969807e+00
1.998332891835657987e+00
1.998231157572190719e+00
1.999248080254445448e+00
1.998645957897818182e+00
1.996365454263881345e+00
1.997567231706406377e+00
1.998435138112691023e+00
1.999364755273100647e+00
1.999333439039249649e+00
1.997047004246757407e+00
1.997973888420641497e+00
1.997692177296019667e+00
1.998282019934811249e+00
1.999594114191435512e+00
1.996536433820557344e+00
1.999317360683161127e+00
1.998684221951547935e+00
1.998584842702641584e+00
1.999327971285013827e+00
1.998646363389209757e+00
1.999537727875335014e+00
1.997864334730974800e+00
1.996055953458533594e+00
1.999604635668531749e+00
1.998982621320745334e+00
1.998312128997015158e+00
1.999157686224398045e+00
1.998964177091909100e+00
1.998326254959051473e+00
1.998088069374874598e+00
1.997989807413634855e+00
1.996866400735231695e+00
1.998745280837473048e+00
1.997349598954610617e+00
1.998533261302578357e+00
1.997968755073931124e+00
1.998664843485812970e+00
1.999362048313160223e+00
1.999190937218786601e+00
1.999186405395319888e+00
1.998475528525199163e+00
1.997522934362207403e+00
1.999560083433888913e+00
1.997304724764697559e+00
1.997601836043071177e+00
1.996366234943394158e+00
1.999641444286230474e+00
1.996539360393163376e+00
1.998789629576485760e+00
1.997314809922749346e+00
1.997805725163851243e+00
1.997541043866273514e+00
1.997064657384618025e+00
1.999602154902767381e+00
1.998000948314881731e+00
1.996372969772281181e+00
1.997749775851888954e+00
1.997213694658969807e+00
1.997959738010375075e+00
1.996960587680902455e+00
1.997675891975891904e+00
1.999218714161343780e+00
1.998223105882404926e+00
1.999830300855442333e+00
1.997211888822493453e+00
1.999279242445493043e+00
1.998701960161535673e+00
1.996260609611574255e+00
1.998313259393778463e+00
1.999664292053489278e+00
1.997861138274726223e+00
1.997432435808773388e+00
1.998295386473319724e+00
1.996557434985718471e+00
1.998779729370832037e+00
1.998774858123502307e+00
1.996445634053304996e+00
1.997677981104063027e+00
1.996339966905423369e+00
1.998857906183816313e+00
1.999248080254445448e+00
1.999210343429685954e+00
1.997132980009826309e+00
1.997804603844627103e+00
1.997883930725044888e+00
1.997937792837867432e+00
1.998529508959766998e+00
1.998369022274352202e+00
1.999306577252804029e+00
1.999286407431161150e+00
1.997900952180199141e+00
1.999192973537268658e+00
1.998490007282820891e+00
1.997239298039901634e+00
1.998250760929047853e+00
1.998792420712491413e+00
1.998509477079956520e+00
1.997641565431681032e+00
1.997474085728428772e+00
1.998751308169233853e+00
1.999773313492381854e+00
1.997587732110439607e+00
1.997589437713891636e+00
1.999186806967530705e+00
1.996311426986853821e+00
1.998489418463432088e+00
1.997523094444435543e+00
1.998310447497751330e+00
1.997893993850942129e+00
1.998533261302578357e+00
1.999192973537268658e+00
1.999157686224398045e+00
1.998491264455429350e+00
1.999103307101098403e+00
1.999327971285013827e+00
1.999514893651330727e+00
1.998735961467759337e+00
1.997341137620884499e+00
1.996984744326323336e+00
1.996385525413893358e+00
1.998246601182852578e+00
1.998640217565635702e+00
1.998489141306119432e+00
1.998401724870565666e+00
1.996423119128299062e+00
1.999289429194387013e+00
1.996397443869809774e+00
1.998535745467885816e+00
1.998911881449844552e+00
1.998267772402436249e+00
1.998752059054540231e+00
1.998775508199487350e+00
1.999812823037378839e+00
1.997863454565738328e+00
1.997804827614834133e+00
1.997853595123810111e+00
1.998775508199487350e+00
1.999157686224398045e+00
1.997645926122950000e+00
1.997559372657809806e+00
1.997909220619144222e+00
1.996312018229638330e+00
1.996541822625807372e+00
1.998287357750051507e+00
1.996307637778063748e+00
1.999267349767987811e+00
1.996765570270507828e+00
1.999180769878371233e+00
1.997880124814585434e+00
1.998369022274352202e+00
1.998805538591353237e+00
1.998752065567175995e+00
1.997884942929650798e+00
1.997719894987970424e+00
1.997331620976784183e+00
1.998231157572190719e+00
1.999562627288935301e+00
1.998797683474466957e+00
1.999268725484888432e+00
1.999199442025345164e+00
1.997670217829751182e+00
1.999165438820295515e+00
1.997603714883220860e+00
1.996460511752585987e+00
1.997077207404389432e+00
1.997900952180199141e+00
1.997261840646805453e+00
1.996321527741621304e+00
1.999348151498155479e+00
1.997633907891436467e+00
1.999265413004647884e+00
1.997881366665814840e+00
1.996399860297283224e+00
1.996734846852441070e+00
1.997640769311986197e+00
1.999012051999804473e+00
1.996302601139632538e+00
1.998659275002718338e+00
1.997073989962427465e+00
1.996434086428929167e+00
1.998976387629884277e+00
1.998282019934811249e+00
1.997578404292203791e+00
1.997959756176050927e+00
1.997557094355566498e+00
1.996321077975193869e+00
1.998231157572190719e+00
1.999014522067102950e+00
1.998894224579645051e+00
1.997224377343869817e+00
1.997869997863925384e+00
1.997869504580391142e+00
1.997697599216479381e+00
1.999029715344869729e+00
1.998673829906740806e+00
1.996960579246068956e+00
1.996585027714621097e+00
1.997604826367342268e+00
1.999124769353073372e+00
1.998020782379753557e+00
1.996368317460135877e+00
1.998789629576485760e+00
1.998324865688687835e+00
1.998770916451675816e+00
1.999306803414057976e+00
1.997945709474531428e+00
1.997209132443867663e+00
1.997143181488145958e+00
1.999314492255999554e+00
1.998868396286700655e+00
1.996365044152353274e+00
1.997830228411564546e+00
1.998761553027049498e+00
1.998302881217554061e+00
1.998745280837473048e+00
1.996415902674728571e+00
1.996358240393892425e+00
1.998685534582191003e+00
1.997387136409638497e+00
1.999590925322359158e+00
1.999277066470574571e+00
1.998094887991953561e+00
1.997883932909690463e+00
1.998745280837473048e+00
1.998738105805857757e+00
1.998777561536590364e+00
1.998291593817409728e+00
1.998783284644097602e+00
1.999248080254445448e+00
1.997127736127648712e+00
1.997357937399607097e+00
1.997222139415254061e+00
1.998641908901112929e+00
1.998307843082379520e+00
1.997848236723093418e+00
1.999342346995546693e+00
1.998721512034547176e+00
1.996445498680258002e+00
1.999235314247527429e+00
1.999696813451391275e+00
1.997270419817553488e+00
1.998396408994372875e+00
1.999334243664862454e+00
1.999000015814612619e+00
1.996258226689181958e+00
1.999362048313160223e+00
1.998331240484205296e+00
1.999372432542217082e+00
1.999560083433888913e+00
1.997669448500483114e+00
1.998880764645927899e+00
1.999160239470267886e+00
1.999665696052001618e+00
1.999248046707721826e+00
1.996292879330873404e+00
1.996557434985718471e+00
1.998786013727645416e+00
1.996334681258860044e+00
1.999207727577599902e+00
1.996429510160343312e+00
1.997238317651387263e+00
1.999664292053489278e+00
1.998785758706970839e+00
1.996369240606334028e+00
1.998629978240230365e+00
1.999572466524171643e+00
1.997997972961152557e+00
1.998685511087614275e+00
1.997067113496722612e+00
1.997677981104063027e+00
1.999576107149145132e+00
1.999601059887997412e+00
1.999619801567799726e+00
1.998287357750051507e+00
1.998792888325348738e+00
1.996158642161223629e+00
1.996395194487863289e+00
1.997811597469957290e+00
1.998150215826328457e+00
1.999244847644124468e+00
1.999261399380660054e+00
1.997278444574459799e+00
1.999282762215264020e+00
1.996190916871309007e+00
1.999616636118557222e+00
1.997798728498662246e+00
1.999655063104142538e+00
1.997640431122803539e+00
1.999236615817765905e+00
1.996916867677279717e+00
1.999172934414406688e+00
1.997008106383406645e+00
1.999336970032786764e+00
1.997524838040745765e+00
1.997867621155638318e+00
1.998880764645927899e+00
1.998964177091909100e+00
1.996402284792489601e+00
1.999248046707721826e+00
1.998629978240230365e+00
1.997924982003112637e+00
1.998353711448555892e+00
1.998401724870565666e+00
1.998529440359264164e+00
1.997915507632987309e+00
1.998369022274352202e+00
1.999336573292211483e+00
1.996434086428929167e+00
1.998382037234379238e+00
1.999380304127700292e+00
1.999180769878371233e+00
1.999057970705862441e+00
1.996542500298521761e+00
1.997854141765331271e+00
1.997200893266134925e+00
1.999268725484888432e+00
1.997216176156151990e+00
1.996108014890364712e+00
1.999138865708879997e+00
1.999537727875335014e+00
1.999168263006143365e+00
1.996441954778073624e+00
1.999606432179250159e+00
1.996423675510173856e+00
1.997011150453764428e+00
1.998534575174282679e+00
1.998659275002718338e+00
1.999705775445094202e+00
1.997676324894264388e+00
1.999594114191435512e+00
1.996435889432373489e+00
1.998105254889216642e+00
1.999207727577599902e+00
1.998706500640825334e+00
1.996216324028829092e+00
1.998300001396980941e+00
1.998785275767295255e+00
1.998366218181271137e+00
1.998766769034049151e+00
1.998839978837245290e+00
1.997049059782602498e+00
1.999362048313160223e+00
1.997846865542784345e+00
1.997595401026260209e+00
1.999306577252804029e+00
1.996464091480001146e+00
1.999537727875335014e+00
1.999306577252804029e+00
1.999407917091846176e+00
1.998351980725371790e+00
1.998007055222309036e+00
1.997580761787652648e+00
1.996976279489599770e+00
1.998268464099992370e+00
1.997856007390032662e+00
1.999306803414057976e+00
1.998167498765864192e+00
1.997881366665814840e+00
1.997210044528680228e+00
1.996137721407343468e+00
1.997997643067474849e+00
1.999636769468390751e+00
1.998629978240230365e+00
1.996318839551239011e+00
1.998939849760600573e+00
1.999334243664862454e+00
1.998034905844052744e+00
1.999175208576736473e+00
1.996499626073565459e+00
1.999513618690862415e+00
1.997533299453884359e+00
1.999163011741637463e+00
1.996421520208541578e+00
1.998880764645927899e+00
1.997806011199941389e+00
1.998353711448555892e+00
1.998423174012107006e+00
1.997901781473930161e+00
1.998954464507258555e+00
1.997680433861520832e+00
1.997890094224920254e+00
1.999133644624286443e+00
1.997537760944761098e+00
1.997819662684446440e+00
1.997485076436166906e+00
1.999595495693133662e+00
1.999322484874444417e+00
1.998308454184305916e+00
1.997810482838559443e+00
1.997608495903240300e+00
1.999439569091541635e+00
1.998640217565635702e+00
1.999314492255999554e+00
1.999601172837986107e+00
1.998834225529007469e+00
1.997958261493383514e+00
1.998927358849764913e+00
1.997607923287543663e+00
1.999333439039249649e+00
1.999306803414057976e+00
1.996940722638246068e+00
1.997260779624459692e+00
1.998745280837473048e+00
1.998358363792968273e+00
1.997182836874538348e+00
1.997127736127648712e+00
1.996872176906801633e+00
1.997261840646805453e+00
1.999148255227146009e+00
1.997450789844414043e+00
1.998762694409257135e+00
1.996261040908443585e+00
1.999279242445493043e+00
1.999624978709824141e+00
1.999046229936259023e+00
1.999131517994508833e+00
1.998489418463432088e+00
1.997924982003112637e+00
1.997871773233024451e+00
1.999258716711305617e+00
1.999172934414406688e+00
1.996337898875722994e+00
1.996625505134116851e+00
1.997800665586129121e+00
1.998584861882720665e+00
1.997147915610682611e+00
1.997213281192931067e+00
1.997482534848884939e+00
1.998791919453709376e+00
1.996395580017615634e+00
1.998554150472428015e+00
1.999333439039249649e+00
1.998775586228157986e+00
1.997873123377233107e+00
1.998868396286700655e+00
1.996336334237061916e+00
1.999134479877616277e+00
1.997166818473675942e+00
1.998400043091195899e+00
1.997490245834382838e+00
1.999843404094520549e+00
1.998641719636085945e+00
1.996683987731209253e+00
1.999191942062310989e+00
1.998305028814155726e+00
1.998629978240230365e+00
1.999133644624286443e+00
1.996414887196346077e+00
1.996405094481715548e+00
1.998906400021516427e+00
1.996152483110552822e+00
1.996319702133326546e+00
1.997343180753031744e+00
1.998752313393257429e+00
1.998834225529007469e+00
1.998094207908448494e+00
1.997118856995332870e+00
1.997170837360557005e+00
1.998766769034049151e+00
1.996509657276295036e+00
1.997331372295760854e+00
1.997676324894264388e+00
1.998685511087614275e+00
1.996399793280791313e+00
1.999237981294956112e+00
1.999364755273100647e+00
1.998331240484205296e+00
1.996539360393163376e+00
1.999572466524171643e+00
1.999336573292211483e+00
1.999306577252804029e+00
1.999463594983273085e+00
1.997883932909690463e+00
1.997460548164717187e+00
1.996358817122315443e+00
1.999155318995495589e+00
1.998346461631155258e+00
1.999210343429685954e+00
1.997575374888038047e+00
1.997460548164717187e+00
1.997963338718544479e+00
1.996334681258860044e+00
1.999240059599299402e+00
1.996475697548020012e+00
1.997549105415221904e+00
1.998731587776408247e+00
1.999559851521665044e+00
1.998726210063313857e+00
1.997067113496722612e+00
1.997236968796091361e+00
1.999157686224398045e+00
1.997749775851888954e+00
1.997646246398297798e+00
1.998751308169233853e+00
1.999321969273337496e+00
1.997612283226986918e+00
1.998706989413980173e+00
1.998331240484205296e+00
1.996407561904405492e+00
1.997250892351984275e+00
1.996258226689181958e+00
1.999134348099611103e+00
1.997633907891436467e+00
1.997143181488145958e+00
1.997857460877731972e+00
1.999046229936259023e+00
1.999512999184241746e+00
1.998839978837245290e+00
1.996260609611574255e+00
1.999267349767987811e+00
1.998749501521417171e+00
1.999626969479984195e+00
1.997693612314067613e+00
1.996493914545381942e+00
1.997313929559282553e+00
1.998775508199487350e+00
1.998475528525199163e+00
1.997810636399202311e+00
1.999348151498155479e+00
1.996468917551116995e+00
1.999281742730163014e+00
1.997664161320651832e+00
1.999306577252804029e+00
1.998726210063313857e+00
1.997257066475395693e+00
1.999329300766304440e+00
1.999292539435480132e+00
1.997845282856429483e+00
1.999292539435480132e+00
1.996320173216594052e+00
1.999067894747651009e+00
1.999317360683161127e+00
1.999210127672367054e+00
1.997102257120591418e+00
1.998554150472428015e+00
1.999046229936259023e+00
1.998706989413980173e+00
1.998777742932682511e+00
1.997977560393744634e+00
1.999292539435480132e+00
1.997092162165674756e+00
1.998881316279657039e+00
1.999273729372481823e+00
1.999358728909074845e+00
1.998762470869282160e+00
1.996318839551239011e+00
1.997080192402180820e+00
1.996389988746164246e+00
1.998746134171497602e+00
1.997210571191127437e+00
1.998194981560064143e+00
1.999186804809326645e+00
1.998761553027049498e+00
1.998608637641323682e+00
1.997892946909852752e+00
1.999236501188265569e+00
1.998706500640825334e+00
1.998869582116599153e+00
1.999137327775151407e+00
1.998834225529007469e+00
1.998701960161535673e+00
1.997014220273631846e+00
1.997302405071178510e+00
1.997097838459901631e+00
1.997450789844414043e+00
1.998604248826226337e+00
1.998188669240072768e+00
1.998172158055869119e+00
1.996040111577514820e+00
1.998707672397064927e+00
1.996408451450559118e+00
1.998681892005272909e+00
