1.807342016494751125e+00
1.939681134179586319e+00
1.960648980594138724e+00
1.933472774188233156e+00
1.961087800512463897e+00
1.970251419699839301e+00
1.947248908281202562e+00
1.959043617825231953e+00
1.968954673068735506e+00
1.965706755366543490e+00
2.000118225886876377e+00
1.973069282170935246e+00
1.991741509417576772e+00
2.000122331763805494e+00
2.000118225886876377e+00
2.000122331763805494e+00
2.000122331763805494e+00
2.000122331763805494e+00
2.000122331763805494e+00
1.998786837030442909e+00
2.000118225886876377e+00
2.000118225886876377e+00
2.000122331763805494e+00
2.000118225886876377e+00
2.000118225886876377e+00
1.998060862624917222e+00
2.000118225886876377e+00
1.999574683629961269e+00
2.000122331763805494e+00
1.993042043452418755e+00
2.000122331763805494e+00
2.000122331763805494e+00
1.999921601186455344e+00
2.000122331763805494e+00
2.000118225886876377e+00
1.986561443629367485e+00
2.000118225886876377e+00
1.998450340464350550e+00
1.989378779397810382e+00
2.000122331763805494e+00
2.000122331763805494e+00
1.995851226095826991e+00
2.000122331763805494e+00
2.000118225886876377e+00
2.000122331763805494e+00
2.000122331763805494e+00
1.997436721408633487e+00
2.000122331763805494e+00
1.987911482649665329e+00
2.000122331763805494e+00
1.991336122739018943e+00
1.984724415354317983e+00
2.000122331763805494e+00
1.973279264192397964e+00
2.000118225886876377e+00
2.000122331763805494e+00
2.000122331763805494e+00
2.000118225886876377e+00
2.000118225886876377e+00
2.000122331763805494e+00
2.000122331763805494e+00
2.000122331763805494e+00
1.988026034561422684e+00
2.000122331763805494e+00
2.000122331763805494e+00
1.999814326634323569e+00
2.000122331763805494e+00
2.000122331763805494e+00
2.000122331763805494e+00
1.993876755121917643e+00
2.000122331763805494e+00
2.000122331763805494e+00
2.000048884185261944e+00
1.986868538649793958e+00
2.000122331763805494e+00
1.993434822584291499e+00
1.981447739905127348e+00
2.000118225886876377e+00
1.984502921811285070e+00
2.000118225886876377e+00
1.986626328461239099e+00
2.000118225886876377e+00
2.000122331763805494e+00
2.000118225886876377e+00
1.979277334609425232e+00
2.000122331763805494e+00
1.999247331621373691e+00
1.990467574395494044e+00
1.984550820440458940e+00
1.979759240332645609e+00
2.000122331763805494e+00
1.982099958045112187e+00
2.000122331763805494e+00
2.000122331763805494e+00
1.974872316411493633e+00
2.000122331763805494e+00
2.000122331763805494e+00
1.994865310598072039e+00
2.000122331763805494e+00
2.000122331763805494e+00
2.000018614720261656e+00
1.998356055065696468e+00
1.998139421531367477e+00
1.999877766322149419e+00
1.998051920510099944e+00
1.999500363565726913e+00
1.998334163062073010e+00
1.998327143211302781e+00
1.998956729280023659e+00
1.998651694863005535e+00
1.999131646137535245e+00
1.998716646520170226e+00
1.999453746982457147e+00
2.000018614720261656e+00
1.998986826838823783e+00
1.999025738341267955e+00
1.999039302084400616e+00
1.998263738321117033e+00
2.000003576717331200e+00
1.999844749802567101e+00
1.998760063405217391e+00
1.999988577854616478e+00
1.999183753937018304e+00
1.999286212879521907e+00
1.999478668649394608e+00
1.999140590914993298e+00
1.999407005108574387e+00
1.999240494396458567e+00
1.998240520308979695e+00
1.999740910915614789e+00
1.999156491847343675e+00
1.999424738169434335e+00
2.000118225886876377e+00
2.000093108900971028e+00
1.999781395393236627e+00
1.999145577729138479e+00
1.999432427115747757e+00
1.999365196083626284e+00
1.999844749802567101e+00
1.999501067343620653e+00
1.998279909187741010e+00
1.998951434110836090e+00
1.999508723900540241e+00
2.000118225886876377e+00
1.999378859090185978e+00
1.999877766322149419e+00
1.999880332407991235e+00
1.999240741616852723e+00
1.998873514505520532e+00
1.998062505224581509e+00
1.998870375508771779e+00
1.999099683522826743e+00
1.999397908234978427e+00
1.999424738169434335e+00
1.999844749802567101e+00
1.999391160746166740e+00
1.998186219229790339e+00
1.999147795274296202e+00
1.999123628092104754e+00
1.999950265936698113e+00
1.999517708756756829e+00
1.998285930641476416e+00
1.999286212879521907e+00
2.000122331763805494e+00
2.000118225886876377e+00
1.998904735719161163e+00
1.998755663617564293e+00
1.999162641652438399e+00
2.000118225886876377e+00
2.000093108900971028e+00
1.999475508516432853e+00
1.999504149239545558e+00
2.000118225886876377e+00
1.999449547777404357e+00
2.000118225886876377e+00
1.998932753904046677e+00
2.000118225886876377e+00
1.999815068574866350e+00
1.999183753937018304e+00
1.999871964063378194e+00
1.999745297983478443e+00
1.999254650553973445e+00
1.999045016628841820e+00
1.998893257053915740e+00
1.999378593924257208e+00
1.998191411905363424e+00
1.999417503094514048e+00
1.999002709328833394e+00
1.999459550462733270e+00
2.000122331763805494e+00
1.999824995583488585e+00
1.999899061468120021e+00
1.999490206704363615e+00
1.998301669174714634e+00
2.000118225886876377e+00
1.998141242548375995e+00
1.998715129215100195e+00
2.000118225886876377e+00
1.999366843323348464e+00
1.998166404810435948e+00
1.998897930101928733e+00
1.998293883890301048e+00
2.000118225886876377e+00
1.998994663589712006e+00
1.998752541807503835e+00
1.998160701871126266e+00
1.999025738341267955e+00
1.998747877597353284e+00
1.999988577854616478e+00
1.999145577729138479e+00
2.000118225886876377e+00
1.998073101796400852e+00
2.000082174240676469e+00
1.999469434497164411e+00
1.999242846295548270e+00
2.000118225886876377e+00
1.998753749225839149e+00
1.998158303253435797e+00
1.999189878417929611e+00
1.999401885654980671e+00
1.999395954595267533e+00
1.998556867444575502e+00
1.999648765497675562e+00
1.999950265936698113e+00
2.000010798206165230e+00
1.998049571154799642e+00
1.998752541807503835e+00
1.998649611601724718e+00
1.998965181518697731e+00
1.999529398659342982e+00
1.999254233603377173e+00
2.000162182122765309e+00
2.000118225886876377e+00
1.998958292410907278e+00
2.000003576717331200e+00
1.999337972914052353e+00
1.998108957569250110e+00
1.999172675306641223e+00
1.999409894968221746e+00
1.999412659060097130e+00
1.998532845597217777e+00
1.998187384881135120e+00
1.999469434497164411e+00
2.000118225886876377e+00
1.998348151249616844e+00
1.998351286390074089e+00
1.999873239932003388e+00
1.999303382959812581e+00
1.998367508001353654e+00
1.999166513671105871e+00
1.998799012421628607e+00
1.999389879630799838e+00
2.000003576717331200e+00
1.999781395393236627e+00
1.999520131478109919e+00
1.999860783839701561e+00
2.000118225886876377e+00
2.000118225886876377e+00
1.999422591137481220e+00
1.998215666936242307e+00
1.999095634800404753e+00
1.999453746982457147e+00
1.999403819176075014e+00
1.999243664541368037e+00
2.000093108900971028e+00
1.999442586553104251e+00
1.999526708229153016e+00
1.999182834285254229e+00
1.999392543216861773e+00
1.999344390844680630e+00
2.000118225886876377e+00
1.998799012421628607e+00
1.998911996348704978e+00
1.998948264859423007e+00
1.999366276426170375e+00
1.999781395393236627e+00
1.998364868038740916e+00
1.998348151249616844e+00
1.998936855725826023e+00
1.999102440896178390e+00
2.000018614720261656e+00
2.000003576717331200e+00
1.998904763681074170e+00
1.999292395671533162e+00
1.999424738169434335e+00
1.999420692196765215e+00
1.998981596225623658e+00
1.998760063405217391e+00
1.998203137732765144e+00
1.999095634800404753e+00
2.000118225886876377e+00
1.999450409372245829e+00
2.000012203638777297e+00
1.999844749802567101e+00
1.998646185313577517e+00
1.999826973500259841e+00
1.998695704810881768e+00
1.998958039495127847e+00
1.998102725034538452e+00
2.000118225886876377e+00
1.998619082655251233e+00
2.000018614720261656e+00
1.998907319606796129e+00
1.998327538531225134e+00
1.999815068574866350e+00
1.999465426350107933e+00
1.999736797940691924e+00
1.999183753937018304e+00
1.998305883142845518e+00
1.998928841755672092e+00
1.998254367336728787e+00
1.999095585776293760e+00
1.999745297983478443e+00
1.999571116113724178e+00
1.998267320757391552e+00
1.998981596225623658e+00
1.998711926206674372e+00
1.998619082655251233e+00
1.999845194961635153e+00
1.999431720186409134e+00
1.998282415257106148e+00
1.999832427073757524e+00
1.999028527827608537e+00
1.999357628507027362e+00
1.999116042098526336e+00
1.999424738169434335e+00
2.000118225886876377e+00
1.998986826838823783e+00
1.998313704113955369e+00
1.998102459816716525e+00
2.000118225886876377e+00
1.999706925246554023e+00
1.998712388148049524e+00
1.999395954595267533e+00
1.999190830036179145e+00
1.999408813544772068e+00
1.999453676276983449e+00
1.998215666936242307e+00
2.000118225886876377e+00
2.000165369100241897e+00
1.999084283225904146e+00
1.998816923992468908e+00
1.999411987762694132e+00
1.999390306990737054e+00
1.999424738169434335e+00
1.999170910540027268e+00
1.999434976527164842e+00
1.999950265936698113e+00
1.998021206465685040e+00
1.998179586556557252e+00
1.998081778427567734e+00
1.999481676388231710e+00
1.999189878417929611e+00
1.998905321571067262e+00
2.000118225886876377e+00
1.999343261287434892e+00
2.000012203638777297e+00
2.000118225886876377e+00
1.998292088179295822e+00
1.999316182007037090e+00
2.000118225886876377e+00
1.999745297983478443e+00
2.000122331763805494e+00
1.999193242743791954e+00
2.000122331763805494e+00
2.000118225886876377e+00
1.998612316341338957e+00
1.999608470989311604e+00
1.999844749802567101e+00
2.000118225886876377e+00
2.000018614720261656e+00
1.999401885654980671e+00
1.999854143235157089e+00
1.998087783032834741e+00
2.000118225886876377e+00
1.999395776613421383e+00
1.999410532822201381e+00
2.000118225886876377e+00
1.998890543467888525e+00
1.999475748508780404e+00
1.998571931518181133e+00
2.000118225886876377e+00
2.000118225886876377e+00
2.000118225886876377e+00
1.999173874840233900e+00
1.999366276426170375e+00
1.998800407104192933e+00
1.999086272375868001e+00
2.000012203638777297e+00
2.000018614720261656e+00
1.998141893124095070e+00
2.000118225886876377e+00
2.000118225886876377e+00
1.998862284006158507e+00
2.000118225886876377e+00
1.998723750943095290e+00
2.000003576717331200e+00
2.000003576717331200e+00
2.000118225886876377e+00
1.998334993076313237e+00
1.998890036502972478e+00
1.999608470989311604e+00
1.999749900079389686e+00
2.000018614720261656e+00
1.999410532822201381e+00
1.998895405141869253e+00
1.999307498413803064e+00
1.999243664541368037e+00
1.999370601151940985e+00
1.998971667926093598e+00
1.999290643721063354e+00
2.000122331763805494e+00
1.999282644543049159e+00
2.000118225886876377e+00
2.000003576717331200e+00
1.999860529077055693e+00
1.998781445702949133e+00
1.998049577448615999e+00
2.000012203638777297e+00
1.998257417156142912e+00
1.999880332407991235e+00
2.000118225886876377e+00
1.999844749802567101e+00
2.000118225886876377e+00
1.999439413682674083e+00
1.999460268949478703e+00
2.000118225886876377e+00
1.998644684496817758e+00
2.000118225886876377e+00
1.999086272375868001e+00
1.999880332407991235e+00
1.999531294361966527e+00
1.999122267608402170e+00
1.999432975073223817e+00
1.999282644543049159e+00
1.999405532721420853e+00
1.999512707553612545e+00
2.000122331763805494e+00
1.998961966472850627e+00
1.998642768377074441e+00
2.000165369100241897e+00
2.000118225886876377e+00
2.000162182122765309e+00
2.000118225886876377e+00
1.999230113825088306e+00
1.998970835680026426e+00
1.998288271924467674e+00
1.999186006523803183e+00
1.998907891051924457e+00
2.000118225886876377e+00
1.999086272375868001e+00
1.998909779185827462e+00
1.998284936655429389e+00
1.999029100430295802e+00
2.000118225886876377e+00
1.999432427115747757e+00
1.999499117965243267e+00
2.000118225886876377e+00
1.998871533722538452e+00
1.999854143235157089e+00
2.000118225886876377e+00
1.998249802866141067e+00
1.999849766384054428e+00
1.999608470989311604e+00
1.998854380883424930e+00
1.999316942407838082e+00
1.999282644543049159e+00
1.998689865142264876e+00
1.999740910915614789e+00
1.998641061575685995e+00
1.998960730233280803e+00
1.999920378613522232e+00
1.998177987765765939e+00
1.998778539611188343e+00
1.998187384881135120e+00
2.000118225886876377e+00
2.000118225886876377e+00
1.999242846295548270e+00
1.998766066896113358e+00
1.998310868882333446e+00
2.000118225886876377e+00
1.999481676388231710e+00
2.000118225886876377e+00
2.000118225886876377e+00
1.999651098822292195e+00
1.998866179427379208e+00
1.999749900079389686e+00
1.998265794123575301e+00
2.000118225886876377e+00
2.000118225886876377e+00
1.998226304522076724e+00
1.999379960927480493e+00
1.999102889246384018e+00
1.998068223382878372e+00
1.998087783032834741e+00
1.999849766384054428e+00
1.998144598427777918e+00
1.999414359394603657e+00
2.000082174240676469e+00
2.000118225886876377e+00
1.999857911748400108e+00
1.999860604114594320e+00
1.999317668962383054e+00
1.998908362558157625e+00
1.998881289030305597e+00
2.000012203638777297e+00
1.999988577854616478e+00
1.998865830729186444e+00
1.999394696335109911e+00
1.998097945666070796e+00
1.998181389870572477e+00
1.999422591137481220e+00
1.999395954412533705e+00
2.000118225886876377e+00
1.999492932929702427e+00
1.998927897828866929e+00
1.999751839662414099e+00
1.999844749802567101e+00
1.998068223382878372e+00
1.999292775121914723e+00
1.998219079177676161e+00
2.000118225886876377e+00
1.999470199331238707e+00
1.999920217002547629e+00
1.999190974344065230e+00
1.999410532822201381e+00
1.999920378613522232e+00
1.999529880807241033e+00
1.998175734483159882e+00
1.999447211639260980e+00
1.999636361516817784e+00
1.999054076114406664e+00
1.999395776613421383e+00
1.998226304522076724e+00
1.998605640990751775e+00
1.999475508516432853e+00
2.000010798206165230e+00
2.000122331763805494e+00
1.999242691433396724e+00
2.000118225886876377e+00
2.000122331763805494e+00
2.000162182122765309e+00
2.000118225886876377e+00
1.998816923992468908e+00
1.998145408342662188e+00
1.999920217002547629e+00
1.999213708009743851e+00
2.000010798206165230e+00
1.998618105157548008e+00
1.998159882743911320e+00
1.998827891254191247e+00
1.999937916677087202e+00
1.998263033772073705e+00
1.999404233444154189e+00
2.000118225886876377e+00
1.999374343802093223e+00
1.998244749859404035e+00
1.999871964063378194e+00
1.998752541807503835e+00
1.998679815250240521e+00
1.999504241824446416e+00
2.000118225886876377e+00
1.998535251682257208e+00
1.999331516578363832e+00
1.999218095655310945e+00
1.998263738321117033e+00
1.999781395393236627e+00
1.998619082655251233e+00
1.998088772015900627e+00
1.998873514505520532e+00
1.999832888100667061e+00
2.000118225886876377e+00
1.999477787287513353e+00
2.000082174240676469e+00
1.999391160746166740e+00
2.000118225886876377e+00
1.998685921298201551e+00
1.998140125819221513e+00
1.999376825915949896e+00
1.999520131478109919e+00
1.998843772410922925e+00
2.000122331763805494e+00
2.000118225886876377e+00
1.998532845597217777e+00
2.000162182122765309e+00
1.999385279748384647e+00
1.998302082675444513e+00
2.000118225886876377e+00
2.000165369100241897e+00
1.998944725413971391e+00
2.000127065284641681e+00
1.999845194961635153e+00
2.000137987369697612e+00
1.999920217002547629e+00
1.998038532135720580e+00
1.999385952190297910e+00
1.999857911748400108e+00
1.999378859090185978e+00
1.999366276426170375e+00
1.998877146663191162e+00
2.000127065284641681e+00
1.998068065465123722e+00
1.999571116113724178e+00
2.000118225886876377e+00
2.000118225886876377e+00
1.999424738169434335e+00
1.999390306990737054e+00
1.998257416619725779e+00
1.999104769482739963e+00
1.999824995583488585e+00
1.999390306990737054e+00
1.999518895380099304e+00
1.998723906960536034e+00
2.000012203638777297e+00
1.999447211639260980e+00
1.999751839662414099e+00
1.999899061468120021e+00
1.999625751269789475e+00
1.999469434497164411e+00
1.998227916829071305e+00
1.998038532135720580e+00
1.998217837589045365e+00
1.999506597659728602e+00
1.999092396635451685e+00
1.999086272375868001e+00
1.999475508516432853e+00
1.999452489598279703e+00
