1.807342016494751125e+00
1.937274952471534917e+00
1.955554732404791718e+00
1.931497293362008261e+00
1.958879332179428223e+00
1.965163817127002055e+00
1.948841673876720471e+00
1.954680147911271204e+00
1.963633155407010111e+00
1.960826565027319335e+00
1.999483292508009713e+00
1.966106189467951015e+00
1.987970699866328239e+00
1.999696549249720290e+00
1.999449279804230262e+00
1.999966583617149185e+00
1.999915383606348351e+00
1.999677329939930637e+00
1.995393090949871828e+00
1.993155035281379828e+00
1.999383677927982106e+00
1.999449279804230262e+00
2.000122331763805494e+00
1.999407453429830062e+00
1.999356266323354170e+00
1.992253417146878869e+00
1.999407453429830062e+00
1.993841184935808641e+00
1.999859160686002335e+00
1.989232826642093110e+00
1.995532947093157761e+00
2.000032208157487723e+00
1.993760807037319616e+00
2.000122331763805494e+00
1.999338308204503534e+00
1.980930662352912597e+00
1.999338308204503534e+00
1.992714880756773166e+00
1.986398120326009709e+00
1.997401402485945887e+00
1.995190870489365054e+00
1.992029382164959728e+00
1.999705458905360222e+00
1.999338308204503534e+00
1.995548635752287803e+00
2.000122331763805494e+00
1.992555227951681607e+00
1.999207840359675359e+00
1.984169958520286992e+00
1.999991115424590848e+00
1.988224471986441255e+00
1.976653097319030383e+00
1.999535644886142993e+00
1.970417140327114902e+00
1.999392133664295690e+00
1.999508225611900114e+00
2.000122331763805494e+00
1.999353938719010015e+00
1.999495324145043051e+00
1.996109033118539378e+00
1.997013099904647815e+00
1.999738409301654363e+00
1.984901897241770907e+00
1.999740536962303583e+00
1.999483440966428160e+00
1.993360794076577402e+00
1.999912612673418355e+00
1.995512886676528819e+00
1.995625452195389338e+00
1.991050193050588391e+00
1.999622056806965587e+00
1.996148990278137525e+00
1.993798689807037228e+00
1.982570489819974302e+00
1.999705458905360222e+00
1.990236062510871706e+00
1.972596424951333471e+00
1.999347273190857033e+00
1.979019769468188139e+00
1.999429235547429018e+00
1.981031936835854212e+00
1.999322953624166344e+00
1.999613938010388114e+00
1.999505553912765077e+00
1.972289420079757383e+00
2.000122331763805494e+00
1.993699860730699713e+00
1.987686965263310679e+00
1.978327359758778492e+00
1.975832262421688634e+00
1.999634371339999550e+00
1.976838212734232991e+00
2.000122331763805494e+00
1.998110978873597787e+00
1.971465036735936316e+00
2.000000127542462369e+00
1.995120573955969423e+00
1.991668276345450961e+00
1.999819705907420309e+00
1.995705701665838161e+00
1.998149018897959817e+00
1.995334454854307493e+00
1.995337444602010235e+00
1.995322456041432879e+00
1.997675253885513369e+00
1.995329136065223663e+00
1.997140726192552229e+00
1.994906676542019364e+00
1.995298222338040439e+00
1.995311695141720687e+00
1.995919790130923577e+00
1.995593772249914633e+00
1.995387388168792242e+00
1.996303326211643414e+00
1.995657260954534662e+00
1.996635327734460841e+00
1.998129650328242635e+00
1.995822058276081501e+00
1.995809473483738383e+00
1.995873402692469600e+00
1.995294648557096817e+00
1.998065433313733319e+00
1.997740340434789985e+00
1.995639966440405200e+00
1.998024980908206460e+00
1.995268171039366045e+00
1.996212444944160280e+00
1.996535016299116450e+00
1.996744308560559178e+00
1.996275358506248709e+00
1.996853919224305329e+00
1.996371110427967333e+00
1.995298222338040439e+00
1.997417387304820213e+00
1.996274788692095514e+00
1.997135764568864325e+00
1.998909319851789101e+00
1.998273649560939003e+00
1.997610676193911861e+00
1.996270722292515121e+00
1.995337444602010235e+00
1.996848721550828376e+00
1.994762255522249284e+00
1.996858178172149278e+00
1.997839780426468481e+00
1.997231859535385734e+00
1.995295311688899620e+00
1.995892171090207778e+00
1.996521826058462956e+00
1.998656140078915788e+00
1.996752274324806287e+00
1.997653861907908723e+00
1.997868516849246934e+00
1.996324975637716603e+00
1.995885790303524310e+00
1.995387388168792242e+00
1.995645544163415996e+00
1.996297254709113123e+00
1.995241128834807753e+00
1.996916036169177566e+00
1.997200638837923758e+00
1.997848332455252507e+00
1.996851611112835601e+00
1.995140525902599604e+00
1.995295390742565234e+00
1.996268630671409250e+00
1.996150332650562520e+00
1.997986300403659765e+00
1.996579826021364745e+00
1.995127820393712392e+00
1.995201716089558319e+00
1.996403814703716417e+00
1.998549308846233163e+00
1.998771094781871760e+00
1.995227848209420118e+00
1.995664610599715116e+00
1.995615781463051963e+00
1.996216812815165387e+00
1.998953049867452814e+00
1.995175971821059546e+00
1.994757953450852384e+00
1.998319786197796599e+00
1.996837797303357753e+00
1.996511327348198694e+00
1.998746430230341042e+00
1.996551042149455446e+00
1.998904712474439460e+00
1.995963025608520347e+00
1.994855056208909128e+00
1.999074647369529556e+00
1.997488365501768559e+00
1.996212444944160280e+00
1.997593559943650954e+00
1.997432138415320857e+00
1.996332033360000757e+00
1.995902990862061577e+00
1.995670891267278257e+00
1.995283646906999442e+00
1.996997709904508200e+00
1.995323404815134927e+00
1.996588706786155853e+00
1.995825135411566809e+00
1.996602215852201212e+00
1.998489056184734158e+00
1.997633780950044402e+00
1.994778246018865886e+00
1.997575334202511321e+00
1.996542843524748534e+00
1.995310341928552500e+00
1.998865115862369812e+00
1.995259062055712684e+00
1.995591249326476024e+00
1.994959601367818580e+00
1.998965046300237525e+00
1.995259608655615580e+00
1.996831887343096135e+00
1.995294613326101363e+00
1.995801602854197165e+00
1.995298222338040439e+00
1.995216207589185053e+00
1.998997783409946383e+00
1.995875921525101626e+00
1.995072630071982767e+00
1.995602439634135195e+00
1.995321054195175359e+00
1.995804806791205532e+00
1.995283382284119389e+00
1.995682100575820295e+00
1.998003917460811296e+00
1.996199985092869778e+00
1.999305925986337718e+00
1.995377730076234313e+00
1.998218525117400057e+00
1.997177337224170790e+00
1.994940308740639434e+00
1.996285322473015267e+00
1.999181822326820734e+00
1.995720401432401259e+00
1.995312774617207019e+00
1.996252929549555910e+00
1.995182320653388519e+00
1.996929416145829306e+00
1.996933774821829433e+00
1.994895290855316583e+00
1.995347421545828226e+00
1.994910282117677847e+00
1.997323866088599909e+00
1.997991684527704370e+00
1.998006683112840021e+00
1.995370236450210388e+00
1.995602439634135195e+00
1.995598752446309687e+00
1.995844485273262636e+00
1.996546410486651046e+00
1.996350859088191099e+00
1.998299449717673149e+00
1.998545183393425351e+00
1.995984720253509259e+00
1.997988291684912099e+00
1.996569638636420674e+00
1.995351109131321632e+00
1.996297116666685190e+00
1.996959455152615304e+00
1.996574855205083709e+00
1.995385144453615922e+00
1.995211893081509258e+00
1.997200492428991003e+00
1.999277186389228689e+00
1.995352510386208422e+00
1.995223264032441879e+00
1.997610349209684166e+00
1.994958417119446992e+00
1.996537081773708477e+00
1.995299816659164893e+00
1.996262217924711813e+00
1.995700098199465922e+00
1.996594939114592737e+00
1.997967777676600276e+00
1.997588021731571573e+00
1.996549548716895384e+00
1.997630143706098815e+00
1.998718102540952613e+00
1.998862983269507065e+00
1.996987985258931841e+00
1.995382719197329457e+00
1.995262727257439028e+00
1.995137907869592775e+00
1.996170545419411635e+00
1.996668447511188660e+00
1.996594939114592737e+00
1.996311266433054010e+00
1.995140525902599604e+00
1.998301236211750709e+00
1.995032015195133956e+00
1.996542288556372835e+00
1.997165925835154621e+00
1.996290953487438236e+00
1.996772930582067840e+00
1.996860441878639092e+00
1.999298245619136383e+00
1.995730292909291270e+00
1.995857082676296468e+00
1.995944808083980559e+00
1.996837734204703452e+00
1.997569359824178159e+00
1.995376400203562994e+00
1.995351120020043112e+00
1.995906166938320236e+00
1.995055103750019265e+00
1.995274256398885226e+00
1.996192095209946560e+00
1.994887848274349951e+00
1.998189060659166794e+00
1.995200410202498276e+00
1.998093389342374904e+00
1.996038921174410952e+00
1.996397568508927245e+00
1.997171039171115714e+00
1.996801241064019239e+00
1.995909679698616435e+00
1.995676948220511671e+00
1.995407415147138375e+00
1.996161111082955353e+00
1.999091475212469549e+00
1.997090996453028344e+00
1.998050544072723422e+00
1.997824980130282313e+00
1.995504246068533494e+00
1.997614749080483421e+00
1.995556759583195783e+00
1.995172968210983111e+00
1.995340041039194157e+00
1.995968017422652174e+00
1.995353480090634068e+00
1.995057537081264876e+00
1.998583943247038031e+00
1.995433931100047520e+00
1.998147807808430265e+00
1.995941107596135966e+00
1.995169555349327828e+00
1.995200410202498276e+00
1.995193038683233278e+00
1.997430142740273418e+00
1.995038178666913575e+00
1.996779528330357989e+00
1.995302304251501235e+00
1.995188273500774212e+00
1.997425722135462989e+00
1.996216812815165387e+00
1.995227021561254421e+00
1.995652836804649777e+00
1.995254662414173596e+00
1.995030545362310059e+00
1.996152713325519468e+00
1.997473726222991575e+00
1.997146421571318387e+00
1.995307170630008065e+00
1.995924277454115048e+00
1.995622206092261042e+00
1.995379412102428418e+00
1.997493756173529089e+00
1.996904649247398966e+00
1.995304523937168950e+00
1.995246168775434148e+00
1.995219495935424581e+00
1.997623528645837032e+00
1.995902522458202322e+00
1.995032762098255530e+00
1.996810128882605007e+00
1.996272471972440066e+00
1.997171310153686763e+00
1.998656140078915788e+00
1.995867082745411247e+00
1.995345196761519002e+00
1.995428049501962953e+00
1.998665324857912706e+00
1.997367094718471403e+00
1.994937701328608703e+00
1.995586167448428538e+00
1.996909327238416187e+00
1.996275358506248709e+00
1.997132513873345339e+00
1.995024752077587449e+00
1.995027788944870206e+00
1.996810984789383792e+00
1.995327554295899919e+00
1.999016865379522390e+00
1.998309332992301179e+00
1.995888347002197971e+00
1.995732241013531194e+00
1.997128770590870905e+00
1.996961510207036161e+00
1.997178480082516305e+00
1.996276890240043622e+00
1.997093721626550522e+00
1.997977438447615439e+00
1.995320854120971710e+00
1.995331533057447704e+00
1.995352033254617741e+00
1.996714519979400970e+00
1.996218712834357145e+00
1.995881363527488572e+00
1.998572166945808082e+00
1.996827247778754533e+00
1.995001007945906624e+00
1.998071684871658427e+00
1.999206980122648858e+00
1.995343419847980693e+00
1.996300861093733170e+00
1.998853844731094842e+00
1.997426875294992410e+00
1.994914050063350208e+00
1.998391247995354503e+00
1.996192095209946560e+00
1.998374118239970798e+00
1.998893430654638204e+00
1.995472181503120446e+00
1.997231586083031640e+00
1.997679300788446355e+00
1.999160538991058056e+00
1.998176581981909061e+00
1.994987690139148562e+00
1.995204026110708240e+00
1.996930522119028772e+00
1.995054222004807309e+00
1.997804968076205556e+00
1.995183680663907388e+00
1.995361564614823280e+00
1.999219068311426817e+00
1.996924165309933663e+00
1.994955928393910449e+00
1.996846649459717904e+00
1.994779333930299492e+00
1.998899393606894170e+00
1.995696658381257649e+00
1.996905196390794002e+00
1.995213550057694407e+00
1.995404220254139993e+00
1.998980952574392234e+00
1.998980952574392234e+00
1.998993406093009906e+00
1.996227526229087612e+00
1.996780899628476824e+00
1.994900236381646375e+00
1.995138680827226008e+00
1.995657260954534662e+00
1.996026276840489055e+00
1.998102415088741868e+00
1.998176581981909061e+00
1.995337446656515468e+00
1.998620085111000755e+00
1.994869559664929959e+00
1.999023499606334742e+00
1.995825434669449949e+00
1.994778246018865886e+00
1.999160538991058056e+00
1.995644998665825787e+00
1.998002810689271991e+00
1.995288243024440300e+00
1.998060394140864116e+00
1.995234668583044657e+00
1.998701057689979299e+00
1.995299816659164893e+00
1.995951416192241812e+00
1.997222493987620640e+00
1.997419787534052915e+00
1.994918197384748959e+00
1.998141353294165645e+00
1.996860260948703836e+00
1.995664185842010552e+00
1.996278312767990837e+00
1.996364175112396833e+00
1.996574855205083709e+00
1.995818939493595012e+00
1.996407122382723331e+00
1.998578674630257845e+00
1.995172968210983111e+00
1.996342526781464288e+00
1.998352770412368695e+00
1.998076205188944465e+00
1.997641231329987610e+00
1.995281445641680085e+00
1.995657260954534662e+00
1.995352033254617741e+00
1.998101900986631430e+00
1.995282386182150702e+00
1.994898620911256693e+00
1.997884795362848021e+00
1.998805255727746699e+00
1.997707531843172291e+00
1.995031322909098570e+00
1.999131920983370225e+00
1.995095183977162900e+00
1.995278813993657918e+00
1.996573058471969198e+00
1.996724037423048381e+00
1.999243184562121023e+00
1.995472455255631772e+00
1.998980952574392234e+00
1.995105009876750213e+00
1.995930093261169658e+00
1.997812544925292588e+00
1.997198207508264156e+00
1.994932544418818177e+00
1.996254562905029672e+00
1.997080399128248640e+00
1.996295240423528128e+00
1.996896924337365320e+00
1.997198712490559025e+00
1.995360197499368216e+00
1.998520303634258699e+00
1.995868316622989580e+00
1.995472964464195087e+00
1.998309492822986977e+00
1.994925114168243141e+00
1.998800035913949280e+00
1.998309492822986977e+00
1.998866547162561513e+00
1.996314907297501939e+00
1.995828088613124995e+00
1.995175810036856401e+00
1.995304523937168950e+00
1.996271446494467972e+00
1.995878083274258419e+00
1.998665900800087991e+00
1.996051858034987525e+00
1.995961627360078428e+00
1.995352652436833907e+00
1.994905013489566503e+00
1.995882931431087970e+00
1.999016865379522390e+00
1.996823693623346108e+00
1.995083116129793055e+00
1.997199741710921517e+00
1.998860835472347830e+00
1.995700124442422174e+00
1.997822942340030217e+00
1.995209103619029811e+00
1.998919813761685704e+00
1.995296825770462412e+00
1.997639645340894221e+00
1.995178750770101095e+00
1.997283574873907064e+00
1.995766806751318123e+00
1.996315562833837820e+00
1.996345077093477194e+00
1.995609637645896273e+00
1.997453121229591400e+00
1.995447057778150901e+00
1.995880161183979151e+00
1.997955748146994504e+00
1.995210143676359404e+00
1.995677512753030181e+00
1.995213621570629536e+00
1.998980952574392234e+00
1.998670996642339714e+00
1.996278465319769380e+00
1.995642236079101517e+00
1.995272227973247325e+00
1.998851339319575926e+00
1.996683140804715206e+00
1.998612641996022621e+00
1.999095761186945763e+00
1.994747322944976586e+00
1.997281065768528485e+00
1.995744139011877527e+00
1.997414512073869775e+00
1.995201378824575489e+00
1.998748840593496556e+00
1.998665900800087991e+00
1.995300738968869947e+00
1.995403761492918315e+00
1.997038718648975308e+00
1.996253235158971240e+00
1.995394655072143086e+00
1.995348229252075889e+00
1.995215707148866535e+00
1.995370481385100536e+00
1.997607168751770690e+00
1.995222629257434210e+00
1.996795255032470795e+00
1.994925429633534142e+00
1.998270538732803470e+00
1.998997783409946383e+00
1.997677770062682656e+00
1.997632176613395760e+00
1.996587088620432660e+00
1.995679888401830526e+00
1.995689090324768378e+00
1.998053424638252196e+00
1.998060394140864116e+00
1.994965073751194806e+00
1.995246168775434148e+00
1.995838034415984286e+00
1.996861617086197027e+00
1.995406959012061332e+00
1.995327376670227526e+00
1.995217918268002988e+00
1.996998793118325066e+00
1.995162444616534358e+00
1.996845741814783137e+00
1.998819734014837701e+00
1.997149635417604596e+00
1.995898529106470143e+00
1.997388741238441900e+00
1.995043040721330208e+00
1.997839780426468481e+00
1.995380865166633821e+00
1.996360539982489524e+00
1.995262859759587615e+00
1.999322953624166344e+00
1.996669085169062940e+00
1.995198061500594866e+00
1.997948915510446621e+00
1.996261956485226863e+00
1.996853878396485982e+00
1.997897571898124225e+00
1.994951617643650810e+00
1.994974906926450631e+00
1.997165925835154621e+00
1.994876729277939464e+00
1.994936803921023794e+00
1.995294613326101363e+00
1.997167494892087225e+00
1.997262734999360578e+00
1.995902990862061577e+00
1.995318703590727383e+00
1.995334485272577618e+00
1.996931523775789419e+00
1.995067188079596043e+00
1.995407610580927527e+00
1.995487711913242368e+00
1.996905196390794002e+00
1.994974107591772627e+00
1.997997255894136348e+00
1.998561624203583742e+00
1.996166521935690552e+00
1.995251656009713326e+00
1.998902798434680328e+00
1.998578674630257845e+00
1.998305264323597674e+00
1.998836803414833607e+00
1.995704051516038025e+00
1.995254267417061911e+00
1.994778246018865886e+00
1.994909705870877792e+00
1.997948915510446621e+00
1.996204831771692945e+00
1.997997882438756090e+00
1.995555180159548581e+00
1.995201336891410104e+00
1.995770822527445754e+00
1.995069226734596857e+00
1.997991684527704370e+00
1.995115574108131673e+00
1.995222778414767806e+00
1.996769171596532111e+00
1.998806604446264457e+00
1.996802334398233292e+00
1.995206250869780096e+00
1.995396301780908654e+00
1.997602625611524685e+00
1.995602537769916029e+00
1.995483382957889074e+00
1.997206383065208701e+00
1.998566298426919241e+00
1.995401459535018907e+00
1.996787520992011844e+00
1.996180427809930658e+00
1.995114159119191433e+00
1.995294648557096817e+00
1.994944343850702628e+00
1.997600026175976096e+00
1.995435597857452947e+00
1.995415663917085469e+00
1.995847295077162409e+00
1.997574702350446207e+00
1.998892452656017671e+00
1.997190398675627199e+00
1.994925429633534142e+00
1.998232404406868667e+00
1.996818131389865858e+00
1.998993406093009906e+00
1.995519437241682459e+00
1.995175208787802301e+00
1.995329572648596672e+00
1.996834127435989092e+00
1.996609393576010971e+00
1.995736810227498159e+00
1.998614878648158566e+00
1.994946051301953682e+00
1.998665900800087991e+00
1.995401459535018907e+00
1.998299449717673149e+00
1.996732154552526062e+00
1.995313491438216902e+00
1.998299449717673149e+00
1.998324574724015479e+00
1.995874800057557241e+00
1.998360501597842287e+00
1.995064694701145891e+00
1.997532639901605345e+00
1.998360501597842287e+00
1.997955926590982756e+00
1.995344371348227064e+00
1.996830621758259428e+00
1.997657536435459402e+00
1.996822282202963761e+00
1.996822021826379245e+00
1.995747947075023232e+00
1.998351940423652717e+00
1.995329136065223663e+00
1.997251965631572812e+00
1.998665324857912706e+00
1.998584099998217622e+00
1.997139551089190945e+00
1.995074471047693976e+00
1.995334514095218781e+00
1.995002816940335766e+00
1.994757155625219269e+00
1.996914814917753134e+00
1.995294648557096817e+00
1.994750879956477707e+00
1.996163472410400042e+00
1.997607128898326811e+00
1.996915499936206428e+00
1.996504377473367953e+00
1.995640407190444110e+00
1.997997255894136348e+00
1.997128938267421994e+00
1.997378732543003466e+00
1.997610599531386866e+00
1.997283921536855189e+00
1.997118825513522378e+00
1.995304523937168950e+00
1.995384263709990780e+00
1.995372614924261434e+00
1.995201511505183545e+00
1.996487985432074508e+00
1.996052126516824288e+00
1.995977473702399640e+00
1.994807142020329049e+00
1.996858299823859317e+00
1.995019283155792467e+00
1.996835051370535741e+00
1.994747322944976586e+00
