1.807342016494751125e+00
1.939945310825408775e+00
1.957592072790122817e+00
1.933373716322845937e+00
1.964167578780741996e+00
1.972942420362452598e+00
1.950737292013062785e+00
1.956896223696187986e+00
1.970063409194475090e+00
1.965074508451290392e+00
1.999599151122203100e+00
1.973116279191994282e+00
1.992237483743410031e+00
1.999673150834016422e+00
1.999544635404309600e+00
1.999722540067331966e+00
1.999786903256412618e+00
1.999693827342941654e+00
1.999852731458395816e+00
1.997554762168952225e+00
1.999400176521914929e+00
1.999493311870654821e+00
1.999703264568129191e+00
1.999429284047266053e+00
1.999415459521993732e+00
1.996629312104554854e+00
1.999440834938506217e+00
1.999379337335610352e+00
1.999750371646205949e+00
1.993687920151516968e+00
1.999861924105715172e+00
1.999814512327541927e+00
1.999662413604358147e+00
1.999746083844492262e+00
1.999429151175080355e+00
1.986211010276969668e+00
1.999481768103819945e+00
1.997428080670141659e+00
1.990732619236483592e+00
1.999777189557164769e+00
1.999856697210667056e+00
1.995984534769257968e+00
1.999697944377906822e+00
1.999476037984293297e+00
1.999805719557099293e+00
1.999747868688729113e+00
1.996240257920212091e+00
1.999714515712902152e+00
1.987043655296720113e+00
1.999821825509337625e+00
1.994006206097487688e+00
1.983998421277613611e+00
1.999609657587803069e+00
1.977091326565707963e+00
1.999465678045770911e+00
1.999603098453754724e+00
1.999737220582900488e+00
1.999395910595133774e+00
1.999600968716909621e+00
1.999864455810320463e+00
1.999807317033897469e+00
1.999692731978481630e+00
1.988606561750622781e+00
1.999710256396967756e+00
1.999603098453754724e+00
1.999540961385001925e+00
1.999750371646205949e+00
1.999804856976472589e+00
1.999850199549547236e+00
1.994327329106558633e+00
1.999620323283406220e+00
1.999861924105715172e+00
1.999729776184992369e+00
1.986784139191917431e+00
1.999680859337352512e+00
1.994567717680484131e+00
1.981862153290275819e+00
1.999469815956028906e+00
1.986296412692369895e+00
1.999459851138752020e+00
1.987089614092665935e+00
1.999469815956028906e+00
1.999667816858140101e+00
1.999600968716909621e+00
1.978242042347216234e+00
1.999721007185012223e+00
1.998230101198209763e+00
1.992031343533649634e+00
1.982785138102330702e+00
1.980745759721455279e+00
1.999669657014828905e+00
1.982032148440435737e+00
1.999758089522255089e+00
1.999802717510535510e+00
1.976246334170939090e+00
1.999813843971409266e+00
1.999821904591717825e+00
1.994795517810027397e+00
1.999749976647138494e+00
1.999864455810320463e+00
1.998777566822680374e+00
1.997440844768278767e+00
1.997206240889079165e+00
1.997423768016498125e+00
1.998867046098640188e+00
1.997134951809607761e+00
1.998415058882485829e+00
1.997479492059818451e+00
1.997367224086425530e+00
1.997265644161747566e+00
1.997378248447561955e+00
1.997594276649009126e+00
1.997811543550406688e+00
1.997187432793799955e+00
1.997336977478524123e+00
1.997750412796202690e+00
1.997935770902414143e+00
1.998777566822680374e+00
1.997487138567207943e+00
1.997458422398260325e+00
1.997443592288749015e+00
1.997291753232006029e+00
1.998796914736132413e+00
1.997251269987923461e+00
1.998744089676361746e+00
1.997585224587520747e+00
1.998760257949546038e+00
1.997150527239527795e+00
1.997288579373227790e+00
1.997793981139158515e+00
1.997886282645991107e+00
1.997614263207819985e+00
1.996733878816687957e+00
1.998130808984471152e+00
1.997749751376972416e+00
1.997301637290086695e+00
1.998685055747849715e+00
1.997316411878903741e+00
1.996965019956408183e+00
1.998473351726516745e+00
1.999407727338724294e+00
1.998827525825207285e+00
1.998770011556702642e+00
1.997436877288900847e+00
1.997213243963317009e+00
1.998073882659057832e+00
1.997401048138707225e+00
1.998162613511495600e+00
1.998846137321707017e+00
1.997239798562125523e+00
1.998531037551498413e+00
1.997448029688103199e+00
1.997547454674524881e+00
1.997739583623675985e+00
1.999293791796268760e+00
1.998113115272790452e+00
1.998885417436801815e+00
1.998746896420354080e+00
1.997687046348131767e+00
1.997581647958772910e+00
1.997187432793799955e+00
1.997546139916948738e+00
1.997370391817667512e+00
1.997160036433611063e+00
1.998249052261348080e+00
1.998485952262374798e+00
1.998846137321707017e+00
1.998115492650239799e+00
1.997218151701619870e+00
1.997260167812096698e+00
1.997350192582797446e+00
1.997434683036201530e+00
1.998791043679620794e+00
1.997922539700184741e+00
1.997125483445695293e+00
1.997322979512627494e+00
1.997798873302991884e+00
1.997228790386546216e+00
1.998963876945268447e+00
1.999318928095879633e+00
1.997137876464426087e+00
1.997521045735482614e+00
1.997638494497853134e+00
1.997329791448445580e+00
1.999407727338724294e+00
1.997124345808428458e+00
1.997365113904064238e+00
1.998885149540389650e+00
1.997884912644847244e+00
1.997824015792053265e+00
1.999325053557906795e+00
1.997306840101598979e+00
1.996745509690689424e+00
1.997994709339847352e+00
1.999338599403256422e+00
1.997496076055317760e+00
1.997445453075895383e+00
1.999343826005898439e+00
1.998719042378777511e+00
1.997304398147929483e+00
1.998776730726491868e+00
1.998732950959021037e+00
1.997729884083430774e+00
1.997499711896253416e+00
1.997594417630066399e+00
1.997230537304155451e+00
1.998392589532083541e+00
1.997332954243526082e+00
1.997887133074984556e+00
1.997308595865165959e+00
1.997494891303710718e+00
1.997939489366852950e+00
1.998900430555502039e+00
1.997306840101598979e+00
1.998822149987250274e+00
1.997427814101752075e+00
1.998854650171944414e+00
1.997940005934143448e+00
1.997399738203307074e+00
1.999399708198587922e+00
1.997270819997210456e+00
1.997549149846423067e+00
1.996855740781570576e+00
1.997302053663912336e+00
1.999336037533604449e+00
1.997202343834197036e+00
1.998261660083635372e+00
1.997382507760698367e+00
1.997503387860339874e+00
1.997315202195299788e+00
1.997159878303490510e+00
1.999321376598732103e+00
1.997525278703974339e+00
1.997335208953639807e+00
1.997635611138508072e+00
1.997297120353828781e+00
1.997466761686248704e+00
1.997142576362272104e+00
1.997524880072719888e+00
1.998758116336642576e+00
1.997436877288900847e+00
1.999386674327525037e+00
1.997266111264897948e+00
1.998897461594977720e+00
1.998469592786616733e+00
1.997386674131057749e+00
1.997559331932349025e+00
1.999436958635350425e+00
1.997765907074483094e+00
1.997445649897702014e+00
1.997413656543391536e+00
1.997117576459266131e+00
1.998269324816643877e+00
1.996886809695542331e+00
1.998279702247475198e+00
1.997329345466186901e+00
1.997544927620095168e+00
1.996701921027098425e+00
1.997257529992296998e+00
1.998704397774106134e+00
1.998798301078545947e+00
1.996887969900589921e+00
1.998765908604578367e+00
1.997131233132042327e+00
1.997699071292123207e+00
1.997288992464625990e+00
1.997817862351415341e+00
1.997426143513884256e+00
1.997777495045172547e+00
1.997739901245767502e+00
1.998859597738653182e+00
1.999210255512679391e+00
1.997556446834213073e+00
1.998789605329470920e+00
1.997853166370802791e+00
1.997276069026110212e+00
1.997390384624197157e+00
1.998275299150283013e+00
1.997941295712145848e+00
1.997494478810556418e+00
1.997478477891667881e+00
1.998469592786616733e+00
1.997250985605561580e+00
1.996733878816687957e+00
1.999399462999212451e+00
1.997378248447561955e+00
1.996914513312608497e+00
1.997268915403880518e+00
1.998854650171944414e+00
1.997372034127907980e+00
1.997841425610290989e+00
1.997364336781355609e+00
1.997321293881962001e+00
1.997285851631557252e+00
1.997766256900303850e+00
1.997878096906490430e+00
1.996771968653566987e+00
1.996647809096723014e+00
1.998780999036834372e+00
1.997294473226113087e+00
1.998814881627179130e+00
1.997790849212754738e+00
1.998884143242958267e+00
1.999316883166111891e+00
1.999302239437212636e+00
1.998407926903136511e+00
1.997338405006168216e+00
1.997156029625147822e+00
1.997114329837004432e+00
1.997397057025834810e+00
1.997901139436063955e+00
1.997911676766317202e+00
1.997778777864497535e+00
1.997189847883036329e+00
1.998863777598777425e+00
1.997382736125315361e+00
1.996895086290534138e+00
1.997941295712145848e+00
1.998579883018936076e+00
1.997330756504104965e+00
1.998160187792357601e+00
1.998165667641012222e+00
1.999417380141935263e+00
1.997776307554204989e+00
1.996752856504307783e+00
1.997552794184356939e+00
1.997528056312016798e+00
1.998235324744379371e+00
1.998846858225612033e+00
1.997436663206997531e+00
1.997378248447561955e+00
1.997563154992722856e+00
1.997333625859067263e+00
1.997202343834197036e+00
1.997607144360477260e+00
1.997354811962539500e+00
1.998864165090719069e+00
1.997007580180460540e+00
1.997199893096094803e+00
1.998807907443898912e+00
1.997551657969357741e+00
1.997785558865879052e+00
1.998474573212084993e+00
1.996851998323313060e+00
1.998179619491894599e+00
1.997576369865955437e+00
1.997555052542105747e+00
1.997276501278028027e+00
1.997338405006168216e+00
1.997397057025834810e+00
1.999345960784532750e+00
1.998443169763622684e+00
1.998790522601534336e+00
1.997016560276201336e+00
1.998788182475368602e+00
1.997465133229619383e+00
1.996749085425772119e+00
1.998770011556702642e+00
1.997557379963592616e+00
1.997097230147949265e+00
1.996839954693872432e+00
1.996723651160055235e+00
1.997116452354034566e+00
1.997564514779245792e+00
1.997297637182166463e+00
1.997377163519101773e+00
1.999006120438790779e+00
1.997528293710843172e+00
1.998834393816422583e+00
1.997530846918218916e+00
1.997156761318684692e+00
1.997196434215179783e+00
1.997246174131620977e+00
1.998748062058822050e+00
1.997330631270797241e+00
1.997887666981267740e+00
1.997059563720133157e+00
1.997133041497786587e+00
1.997104523268327991e+00
1.998740000545651263e+00
1.997288579373227790e+00
1.996751011595244707e+00
1.997314118460221666e+00
1.997498960532148926e+00
1.997295016334636575e+00
1.997318902688653086e+00
1.997414019315985945e+00
1.998748062058822050e+00
1.997029608351679197e+00
1.998668128936487376e+00
1.997222117108140349e+00
1.997601461841194137e+00
1.996691252593248533e+00
1.997750412796202690e+00
1.997539316528759823e+00
1.998723588768033688e+00
1.996699394277432260e+00
1.997947513185813539e+00
1.997190854389688131e+00
1.997223925163388980e+00
1.997240840253946770e+00
1.997324447773094480e+00
1.997285784257361474e+00
1.998786750438679150e+00
1.997475409007292368e+00
1.997354231631156996e+00
1.997305511540822698e+00
1.998228902936197926e+00
1.997368891531293933e+00
1.998464751224865665e+00
1.999280858806867345e+00
1.997406328980082524e+00
1.996918793252435265e+00
1.997283512817833007e+00
1.997122781918118761e+00
1.999276263847770352e+00
1.998700658368424365e+00
1.997371343026075552e+00
1.997715695136605074e+00
1.998337066172068077e+00
1.996914513312608497e+00
1.997620175890134409e+00
1.998443301221829671e+00
1.997278224366647148e+00
1.997311416378262150e+00
1.997900373223474579e+00
1.997362286803372466e+00
1.999313902761505224e+00
1.998801883890360287e+00
1.997497553147954186e+00
1.997743202087501890e+00
1.998437975299137248e+00
1.998407926903136511e+00
1.996641886703279356e+00
1.998469452093555532e+00
1.997321293881962001e+00
1.998463166270525670e+00
1.998780652933062507e+00
1.997231669272055976e+00
1.997351032091073897e+00
1.996756656286234888e+00
1.997276069026110212e+00
1.997935770902414143e+00
1.997454448156114282e+00
1.997560240082209448e+00
1.999129865220541147e+00
1.998113268935773679e+00
1.997329199982540660e+00
1.997314856408996198e+00
1.998770894156349121e+00
1.999436930430371184e+00
1.997222117108140349e+00
1.997796077163199291e+00
1.999313901806909488e+00
1.998749359412185678e+00
1.997500837544469388e+00
1.998847739826699277e+00
1.997597643432435843e+00
1.998847739826699277e+00
1.999399708198587922e+00
1.997448289554516032e+00
1.998720298663337891e+00
1.998771777563828289e+00
1.999427001450401642e+00
1.998785361837335905e+00
1.997363208549002289e+00
1.996748152881240523e+00
1.997119842161000358e+00
1.998235913170241185e+00
1.997386076217724682e+00
1.998868586015204230e+00
1.997110405733868665e+00
1.997269726919036259e+00
1.999430875583671829e+00
1.996673001771342104e+00
1.998242908628878878e+00
1.997371343026075552e+00
1.998000266213630027e+00
1.997452163954399396e+00
1.999407727338724294e+00
1.997610086847052768e+00
1.997906885184691284e+00
1.997127193534739220e+00
1.997544927620095168e+00
1.999409147785739638e+00
1.999409147785739638e+00
1.997060104775431055e+00
1.999346058352749367e+00
1.997639584548380975e+00
1.996739752103128041e+00
1.998178564577522520e+00
1.997445429996373312e+00
1.997114329837004432e+00
1.997713056973858592e+00
1.997341166532107692e+00
1.998777566822680374e+00
1.998811431369309499e+00
1.997297637182166463e+00
1.999238608062002154e+00
1.997497630597695917e+00
1.999336037533604449e+00
1.997500904485551398e+00
1.997452163954399396e+00
1.997003075108349845e+00
1.999427001450401642e+00
1.997549149846423067e+00
1.997291515520064342e+00
1.998812360031243962e+00
1.997225654047448673e+00
1.997285864744351436e+00
1.998841515498810617e+00
1.997160036433611063e+00
1.999316883166111891e+00
1.997402220488137647e+00
1.997559874431282356e+00
1.998703903026773476e+00
1.997084057171612193e+00
1.998735859343711452e+00
1.997302053663912336e+00
1.998804988817228567e+00
1.997995599045559123e+00
1.997538451449484720e+00
1.997710425207627871e+00
1.997772917035435469e+00
1.997917850823693886e+00
1.997487138567207943e+00
1.997774662232732590e+00
1.999006120438790779e+00
1.997104523268327991e+00
1.997164477340245714e+00
1.996914513312608497e+00
1.997717672704854452e+00
1.998879181201173250e+00
1.998841515498810617e+00
1.998780818564438011e+00
1.997223925163388980e+00
1.997738041719700819e+00
1.997258311521768137e+00
1.998790522601534336e+00
1.997273431679702504e+00
1.997445453075895383e+00
1.998824492081029414e+00
1.999338599403256422e+00
1.998786298009281870e+00
1.997278224366647148e+00
1.996703558224441233e+00
1.999434759519671756e+00
1.997332052012609216e+00
1.997142576362272104e+00
1.997916302881012296e+00
1.997285864744351436e+00
1.997885015852118862e+00
1.999436930430371184e+00
1.997431661439672324e+00
1.999425909706963100e+00
1.997244492606374378e+00
1.997479132621369446e+00
1.998868586015204230e+00
1.996751011595244707e+00
1.998400133863725170e+00
1.996795679827797265e+00
1.997410421145270121e+00
1.997321471314496222e+00
1.997315472919742430e+00
1.997298676674240658e+00
1.997316583648081290e+00
1.998443021805194730e+00
1.997702724578430677e+00
1.997029608351679197e+00
1.998261660083635372e+00
1.998550452050761095e+00
1.997111958795859010e+00
1.998921321661319750e+00
1.997423417946970980e+00
1.997527297810512747e+00
1.998801883890360287e+00
1.997312135818981371e+00
1.999338599403256422e+00
1.998826986807423989e+00
1.999320200419349103e+00
1.997570111347671595e+00
1.997533312661502913e+00
1.997314227771733064e+00
1.997183829809127564e+00
1.997335643517657244e+00
1.997423417946970980e+00
1.997282959194869312e+00
1.999322927927014382e+00
1.996756416549030577e+00
1.997364316306987853e+00
1.997503432892975495e+00
1.997296736872858691e+00
1.997445453075895383e+00
1.997471261461852610e+00
1.999313902761505224e+00
1.998072726754309025e+00
1.997389078277373331e+00
1.998613848947932592e+00
1.999359868135532459e+00
1.996855740781570576e+00
1.997619800650156208e+00
1.998865417461839877e+00
1.997124345808428458e+00
1.999344072657774474e+00
1.997287784722169945e+00
1.997292014655019265e+00
1.997242262572051619e+00
1.998748655019069176e+00
1.997090930450963864e+00
1.998720298663337891e+00
1.997483971707155748e+00
1.997729884083430774e+00
1.997773544447369432e+00
1.997739289384581340e+00
1.998705718087904870e+00
1.996618562505775074e+00
1.997498732360715401e+00
1.997423417946970980e+00
1.998766366223411861e+00
1.997490081466510636e+00
1.997718736939001927e+00
1.997502607968967503e+00
1.996760918245172212e+00
1.997332477028173736e+00
1.999293439438065256e+00
1.999316883166111891e+00
1.997286151920698805e+00
1.997594893053143972e+00
1.997740261269843165e+00
1.997368344018881858e+00
1.999320200419349103e+00
1.997891103414958680e+00
1.999276263847770352e+00
1.999409122127142613e+00
1.997337853193303259e+00
1.998739721958072035e+00
1.997638732172206222e+00
1.998735859343711452e+00
1.997332041830675031e+00
1.997092774039278762e+00
1.999346874370569349e+00
1.999287753388830247e+00
1.997230105042738568e+00
1.997308749581820253e+00
1.998403501456140763e+00
1.997349668026449976e+00
1.997185024318694602e+00
1.997261613730571650e+00
1.997199893096094803e+00
1.997297637182166463e+00
1.998786750438679150e+00
1.997483432446496066e+00
1.998115028665642390e+00
1.996641886703279356e+00
1.997380883841672006e+00
1.998859475164481925e+00
1.999293439438065256e+00
1.998759426161380359e+00
1.996965019956408183e+00
1.998879286002093858e+00
1.997810994738103529e+00
1.997517927473747346e+00
1.997472113631701518e+00
1.998790522601534336e+00
1.997143720491389329e+00
1.998818857685478845e+00
1.997391791285636931e+00
1.997241326769080505e+00
1.997552794184356939e+00
1.998120439321716679e+00
1.997191576104015764e+00
1.996751011595244707e+00
1.997205826082337321e+00
1.997254817925858017e+00
1.997490081466510636e+00
1.998374291619730903e+00
1.997195736631354857e+00
1.998132611235603928e+00
1.999304660653812959e+00
1.998398126659351348e+00
1.997562198219601237e+00
1.998710369053394720e+00
1.997370516347791947e+00
1.998846137321707017e+00
1.997266111264897948e+00
1.997770551694308505e+00
1.997490081466510636e+00
1.997332477028173736e+00
1.999446190669350143e+00
1.997900433858424973e+00
1.997239133224599117e+00
1.998738953637940075e+00
1.997584822132371984e+00
1.997949939992304413e+00
1.997297140098541313e+00
1.997327948791767893e+00
1.998746896420354080e+00
1.997293151348076945e+00
1.997360136531926456e+00
1.998548046055260929e+00
1.997445429996373312e+00
1.997374961823862094e+00
1.996760918245172212e+00
1.997251269987923461e+00
1.997399485899110205e+00
1.997281974895230405e+00
1.998377142082721880e+00
1.997062059735416284e+00
1.998720480921184262e+00
1.997477896646266959e+00
1.997124198187987920e+00
1.997121726339045500e+00
1.998261660083635372e+00
1.997179819459544037e+00
1.997324125514464477e+00
1.997460093606992615e+00
1.997924484788933697e+00
1.997314856408996198e+00
1.998748785377819193e+00
1.999018629535501690e+00
1.997551300903392502e+00
1.997202343834197036e+00
1.999407727338724294e+00
1.998996102627319083e+00
1.998822446145267717e+00
1.999285181863793559e+00
1.997790959945359601e+00
1.997423362999461327e+00
1.997408217867549629e+00
1.997254817925858017e+00
1.997360136531926456e+00
1.998713118106260733e+00
1.997284063171218760e+00
1.998752760936946427e+00
1.997615179573069666e+00
1.997444095712783252e+00
1.997753740144862400e+00
1.997362414828338206e+00
1.998798301078545947e+00
1.997194493582792330e+00
1.997477048729954907e+00
1.998150316326174680e+00
1.999302239437212636e+00
1.996649360255471350e+00
1.998121281731217946e+00
1.997192979536672297e+00
1.997325209086151299e+00
1.997136632704850534e+00
1.998828857684731730e+00
1.997635611138508072e+00
1.997512036171922967e+00
1.998507570909645370e+00
1.999097001283525410e+00
1.997473957263626865e+00
1.998113115272790452e+00
1.997588659614987217e+00
1.997249137707563627e+00
1.997266567478861887e+00
1.997275405505618995e+00
1.997410421145270121e+00
1.998770011556702642e+00
1.997510618160980744e+00
1.997142586575169299e+00
1.997542289390592751e+00
1.998733579027448970e+00
1.999390868421074607e+00
1.998531037551498413e+00
1.997250985605561580e+00
1.997329669095197380e+00
1.997386674131057749e+00
1.998902457733440885e+00
1.998113268935773679e+00
1.999316133857270472e+00
1.997512036171922967e+00
1.997279675982605252e+00
1.997123714231150426e+00
1.997266637894839381e+00
1.996768062008387190e+00
1.998150915492150848e+00
1.997842227217714095e+00
1.997476178726486307e+00
1.999006120438790779e+00
1.997316759303798150e+00
1.999307961073320872e+00
1.997471192718610400e+00
1.997145140246948225e+00
1.998858948931393487e+00
1.998130959349101676e+00
1.997275405505618995e+00
1.998879181201173250e+00
1.998804747804241666e+00
1.997558738168003112e+00
1.998839456239202228e+00
1.997343904842318052e+00
1.998734231973641418e+00
1.998819831988799978e+00
1.998745818600503599e+00
1.997135676953056160e+00
1.998049583281177544e+00
1.997076255520462418e+00
1.998759426161380359e+00
1.998095102998425299e+00
1.997285851631557252e+00
1.998178564577522520e+00
1.997709474870751123e+00
1.998848092826684741e+00
1.997152396635961669e+00
1.998682498266737495e+00
1.999291101888378774e+00
1.999031216168958291e+00
1.998485952262374798e+00
1.997335208953639807e+00
1.997133041497786587e+00
1.996828289579994475e+00
1.997270722304763657e+00
1.997372860042138321e+00
1.998403550869018552e+00
1.997278256961805498e+00
1.997308595865165959e+00
1.997377405346954404e+00
1.998828393763162348e+00
1.998360197810877148e+00
1.997929020971326297e+00
1.997741909977260644e+00
1.996858505693186459e+00
1.998723777022231474e+00
1.998377142082721880e+00
1.998688220100587110e+00
1.998839922452532836e+00
1.998739721958072035e+00
1.998420904202732551e+00
1.997190854389688131e+00
1.997281728673495182e+00
1.997153677589995624e+00
1.997157619299821274e+00
1.997444095712783252e+00
1.997845365368180914e+00
1.997353189431744891e+00
1.997399261031275408e+00
1.996890658260394469e+00
1.997452143164468508e+00
1.997287426755349315e+00
1.997870270243626623e+00
1.997275144935038993e+00
1.997907036977176531e+00
1.997372860042138321e+00
1.996745509690689424e+00
